Name	SugarVsControl	meanSugar	meanControl	tStatistic	tValueSugar	WithinSugar	SugarVsControl_BW	BodyWeightInteraction	BodyWeight	SugarVsControl_FoodIntake	FoodIntakeInteraction	FoodIntake	SugarVsControl_Adj	WithinSugar_Adj	SugarVsControl_BW_Adj	BodyWeightInteraction_Adj	BodyWeight_Adj	SugarVsControl_FoodIntake_Adj	FoodIntakeInteraction_Adj	FoodIntake_Adj	BodyWeightSugarEstimate	BodyWeightSugarInteractionEstimate	FoodIntakeSugarEstimate	FoodIntakeSugarInteractionEstimate
Bifidobacteriaceae	0.000139654985744228	1.62138922706375	0.462217501331176	4.50304254314365	1.45336795485145	0.156503173578504	0.00114189238367516	0.255036445077099	0.879174841470636	0.00117410277916273	0.295663186241844	0.902261343554375	0.00109607929420744	0.630287594556816	0.0055667253704164	0.991469834211659	0.967941125692872	0.00572375104841832	0.848076368042997	0.994933117796316	-0.0153813739425688	0.0198651952111824	-0.0677910407693112	0.0966170331088948
Desulfovibrionaceae	0.485094337960565	1.77426522697833	1.87754285849365	-0.717720984300917	-0.285753667599489	0.777030645670911	0.445299457600604	0.391609563809062	0.277595181745595	0.445043936704392	0.3291724464026	0.316000251601506	0.563906021403473	0.865834148033301	0.542708713950736	0.991469834211659	0.859942264479752	0.542397297858478	0.855848360646759	0.820076646997522	-0.00792030102936357	0.00605521529506979	-0.0112407701650717	0.0364882254687724
Bacteroidaceae	0.00030622522322632	3.30804100268804	3.10525878928454	4.38857039864227	0.1592569233092	0.874533810190097	0.000437403912738433	0.161176789470192	0.616567178773848	0.000391764071958725	0.0919386777656834	0.757185713132187	0.00157092371646688	0.897547857826678	0.00243696465668555	0.991469834211659	0.935766324112983	0.00218268554377004	0.442751816617383	0.966977784393109	0.00376501517804846	-0.00392599273697192	0.0167646829814589	-0.0248656700396672
Prevotellaceae	8.1575071036712e-06	3.28841381736281	3.65337191215292	-5.55485856855321	-0.83368481880867	0.411047602102501	0.000113472556607891	0.680503674847529	0.183576132004778	0.000157317814876466	0.915397311117114	0.922895601070889	0.000159071388521588	0.708847114230285	0.000885085941541548	0.991469834211659	0.859942264479752	0.00102256579669703	0.967506456224427	0.994933117796316	0.00379343950044648	-0.00183621036208594	0.000919983432602571	-0.00256586336552483
Porphyromonadaceae	0.000838572772613238	2.17106157037106	1.84368366337174	4.23142228913792	-1.25185685177464	0.220294947231414	6.37815879763621e-05	0.10858287306334	0.77911090665721	3.59342084471173e-05	0.220630565167056	0.0367639718475813	0.00272536151099302	0.645547793007807	0.000829160643692708	0.991469834211659	0.935766324112983	0.000467144709812525	0.782235640137744	0.392267948667277	0.00556092376341107	-0.00624812185401168	3.25471834212673e-05	-0.0240316175191456
Coriobacteriaceae	0.0686432211184537	1.56875361498329	1.42092517311089	1.91335490234094	-0.80802056795677	0.425439862556445	0.126598204352549	0.228100999780108	0.730417052988121	0.109272434834619	0.0292855243179799	0.464048665898801	0.129751799682514	0.708847114230285	0.209017417430687	0.991469834211659	0.935766324112983	0.185288041676093	0.338560801830553	0.820076646997522	-0.00433751317981559	0.00605041375420185	-0.0344121715738399	0.0563229028454177
S24_7	0.210604788561426	3.60783035670121	3.54334794514935	1.31705437017922	0.573177164456732	0.570796578478129	0.156404568883699	0.578665832270249	0.475006404942197	0.158434802837131	0.670400616673632	0.611450012719861	0.2933423840677	0.786643492907765	0.234606853325549	0.991469834211659	0.935766324112983	0.237652204255696	0.921583090595793	0.883205573928687	0.00171353517419972	-0.00130359793050269	0.00672267029022114	-0.00530291112450497
Victivallaceae	4.69443299845582e-05	0.417430950484528	0.0569241372802003	4.56420089779472	0.0122352844229993	0.990318904980534	0.007783375382836	0.961577664165444	0.330747024799905	0.00812299670397827	0.779801076657979	0.514788608984969	0.000610276289799256	0.990318904980534	0.0275956036300549	0.991469834211659	0.859942264479752	0.028799715586832	0.921583090595793	0.820076646997522	0.00277579604822828	-0.000324633043411371	0.00257111627274111	0.0100231132592746
Lachnospiraceae	0.226639915397475	2.69596116434904	2.83955350286604	-1.27485452990826	-0.989691204322951	0.330240761917153	0.139316199646649	0.886408486163945	0.361258286412594	0.136712828209733	0.371640747650518	0.447207878803989	0.304791610362121	0.699862687671333	0.217333271448772	0.991469834211659	0.880567073130699	0.213272012007184	0.905874322398138	0.820076646997522	-0.00233236322786501	0.00071365577953545	-0.00907132988288538	0.0235540112121847
Aerococcaceae	0.000813839822613265	0.151791729211732	0	3.70920892939071	0.476032266687497	0.637499919743666	0.048728952746616	0.643408853124504	0.317944577195073	0.0516148243602435	0.81754077917618	0.688089043598319	0.00272536151099302	0.802016028064613	0.105579397617668	0.991469834211659	0.859942264479752	0.118213601983289	0.937767364349147	0.934581020020586	2.27474242417263e-17	0.00181523305995519	-3.5934160382252e-17	-0.00484022018035225
Lactobacillaceae	0.000377330619763375	2.7060913540595	2.27479350997176	4.52767491461667	1.79304664658748	0.0830540430977153	9.38012238079011e-05	0.771598333199176	0.808815626673534	5.10392179052614e-05	0.102173496142473	0.349785941652993	0.00163509935230796	0.630287594556816	0.000885085941541548	0.991469834211659	0.935766324112983	0.000497632374576299	0.442751816617383	0.820076646997522	-0.000765130613955705	0.00150692362576258	-0.0221656194505055	0.0436416455630516
Pseudomonadaceae	0.00151910001552537	0.349940985735688	0.0866979787571154	3.42024021340081	-0.205565245212755	0.838519090066378	0.0330037657304389	0.986299352807806	0.683587203721017	0.0276723954941293	0.396334810599791	0.151433149455118	0.00423177861467781	0.897547857826678	0.0843775357901048	0.991469834211659	0.935766324112983	0.0719482282847361	0.909238683140697	0.804806215016795	0.00105814312882818	-0.000107314831220557	0.000409544805534734	-0.0272036042990153
Alcaligenaceae	0.0170833379074509	2.39560880162757	1.98088839100502	2.63054065054773	-0.41961594657296	0.677755884297196	0.0233082988820937	0.969315797747699	0.318363925467962	0.0181375719039547	0.775159075763244	0.0402326101197207	0.0416406361494115	0.807601236880005	0.0699248966462812	0.991469834211659	0.859942264479752	0.054412715711864	0.921583090595793	0.392267948667277	0.00381265558496408	-0.00035451765189888	-0.0324701450279582	-0.0133259494432257
Corynebacteriaceae	0.000297340861330725	0.18081157853698	0	4.07390501494903	1.52964302496604	0.136582288093577	0.0302150117131907	0.580861014914948	0.23463156911403	0.03186276635791	0.630427571567944	0.403608540765476	0.00157092371646688	0.630287594556816	0.0841703897724599	0.991469834211659	0.859942264479752	0.0776654929974056	0.921583090595793	0.820076646997522	1.95947110573467e-16	-0.00233380144029422	3.71319657283271e-16	0.0108569462519573
Micrococcaceae	0.0731933228978287	0.286333707997361	0.104750939453553	1.89535670150868	-0.918523846532557	0.365671057787242	0.112912360770511	0.825176279844227	0.684240171737033	0.107345272596732	0.240974942241525	0.814157533482967	0.129751799682514	0.708847114230285	0.200162821365906	0.991469834211659	0.935766324112983	0.185288041676093	0.783168562284958	0.973678804441235	0.000161037325039281	-0.00129878957442712	0.0303084250948596	-0.0361756731366683
Ruminococcaceae	0.0321629249575456	3.58833570230325	3.67076227653726	-2.31064736392089	-1.1213228481281	0.271046216977335	0.0472507945783235	0.831729117708933	0.100278222103068	0.054560123992287	0.616048269380073	0.985955496382268	0.0737855337261339	0.699862687671333	0.105579397617668	0.991469834211659	0.859942264479752	0.118213601983289	0.921583090595793	0.994933117796316	-0.00171376506812121	0.000448786853573623	0.00427038999408253	-0.00579537657036183
Mogibacteriaceae	0.372166130770669	1.22043220070671	1.26328836068301	-0.90610447129008	-0.967644372045004	0.340958745275778	0.514152681690373	0.253229387750129	0.918303119247083	0.515701711242306	0.954369959986627	0.30913737448729	0.453577471876753	0.699862687671333	0.589763370174251	0.991469834211659	0.967941125692872	0.593132721555966	0.967506456224427	0.820076646997522	-0.00338223441616068	0.00393974257778683	-0.00880094463050566	0.00103775437233065
Enterobacteriaceae	8.55230250032986e-08	1.30352841648453	0.311549843926019	7.06037335171122	-1.3477890373182	0.187816737732496	1.04367929930288e-05	0.78051295666562	0.815796282560036	6.21323994092944e-06	0.776517934429933	0.11670345560725	3.33539797512864e-06	0.630287594556816	0.000203517463364061	0.991469834211659	0.935766324112983	0.000121158178848124	0.921583090595793	0.758572461447124	-0.00326914372125781	0.00286137912176655	-0.0474056366529448	0.0149217048190416
Verrucomicrobiaceae	0.141682862132308	0.20068241936134	0.0815417235186017	1.51457458001205	-0.552144002743968	0.584940033187826	0.26589040177557	0.872369640815522	0.910224311062529	0.241883075611078	0.546629824955015	0.0589045575485295	0.226616884316397	0.786643492907765	0.345657522308242	0.991469834211659	0.967941125692872	0.314447998294401	0.921583090595793	0.45945554887853	-0.000972003347317191	0.000890500861948666	-0.0106033448220766	-0.0168144741983621
Anaeroplasmataceae	0.820605197142736	0.709383380260378	0.739745543954012	-0.23016311236641	0.563412280647309	0.57734154679244	0.835958907707596	0.556787438928583	0.305799022794823	0.828567157820915	0.0579570775488553	0.261397307870014	0.854221618814141	0.786643492907765	0.879811749175709	0.991469834211659	0.859942264479752	0.87335457175718	0.442751816617383	0.820076646997522	-0.000715513267576285	0.00450538997993537	-0.0375610750885581	0.0750963545193297
Christensenellaceae	0.265057915899727	1.26944270180722	1.12220310820804	1.15579350813204	0.501707086973201	0.619535806783238	0.252205431202794	0.237028076137503	0.0862403175158782	0.269879751588775	0.462056379825742	0.347827826205716	0.344575290669645	0.802016028064613	0.339172821272723	0.991469834211659	0.859942264479752	0.339526139095556	0.921583090595793	0.820076646997522	0.0021211891558777	-0.00793938617838516	0.0053762333489059	-0.026950390301865
Rikenellaceae	0.000481390159721586	2.75877142538042	2.20626028559378	4.88792242452003	1.46586755172068	0.153088236857811	4.79838035298845e-08	0.0142720667359597	0.618746502937785	1.89109632779608e-07	0.52261866283728	0.363573423337666	0.00187742162291418	0.630287594556816	1.8713683376655e-06	0.556610602702428	0.935766324112983	7.37527567840471e-06	0.921583090595793	0.820076646997522	-0.00980961714178575	0.0109125102904797	-0.0211802110495477	0.0154888980892019
F16	0.332100727463381	1.13085082347671	0.952767081715446	1.00716347415516	-0.765169565352034	0.450148526287813	0.279423895141772	0.688066174318736	0.419506642866948	0.235758474653202	0.00730843593247377	0.385352496869566	0.417804141002318	0.708847114230285	0.351533287436423	0.991469834211659	0.908931059545053	0.314447998294401	0.142514500683238	0.820076646997522	-0.000197070270349368	0.00342633919417329	-0.0714528122344103	0.115581277041874
Peptococcaceae	0.196167011993615	0.93631484009547	1.13707859339459	-1.3541403097513	-0.998392944905842	0.326074166921132	0.164680915018239	0.597593416624949	0.0519993459160925	0.186454436658323	0.717613083561407	0.888768891269763	0.283352350657444	0.699862687671333	0.237872432804124	0.991469834211659	0.859942264479752	0.259704393916949	0.921583090595793	0.994933117796316	0.00239491494714767	0.00393631670032014	0.00877459270235432	-0.0149965535070541
Paraprevotellaceae	0.83231850038301	2.94894187049688	2.92600640893307	0.214554115758535	1.32879502703426	0.19393464447902	0.857252473555819	0.991469834211659	0.809092375664775	0.856674750157051	0.967506456224427	0.546717764665015	0.854221618814141	0.630287594556816	0.879811749175709	0.991469834211659	0.935766324112983	0.879218822529605	0.967506456224427	0.820076646997522	-0.000670066936082263	7.11231065203329e-05	0.0102097719003225	-0.00142661162110883
Streptococcaceae	0.0487776968335281	0.26062632709718	0.0900806768177863	2.11750982501621	0.996669229978842	0.326896658095002	0.0606268241778462	0.577000771532197	0.242935859863161	0.0611388248786587	0.304437670579537	0.49488811233222	0.100122640868821	0.699862687671333	0.124444533838737	0.991469834211659	0.859942264479752	0.125495482645668	0.848076368042997	0.820076646997522	5.94244982564599e-05	-0.00258942958164698	0.0263406388918587	-0.0253788957063857
Deferribacteraceae	0.0357038150270792	1.01024422851402	1.48412834284568	-2.33240898943484	-0.757958355109167	0.454389175788644	0.0173649326890825	0.374324774398339	0.57808258016461	0.0167718489267911	0.44280043928132	0.329470492267261	0.0773582658920048	0.708847114230285	0.056436031239518	0.991469834211659	0.935766324112983	0.054412715711864	0.921583090595793	0.820076646997522	-0.00949037171171597	0.00893669875125401	-0.00818226656027293	0.0405187251202844
Turicibacteraceae	0.159970800455237	1.49327483262522	1.19300418331395	1.4920139845913	3.15452025185258	0.00364024012482689	0.103838415950549	0.318680341395497	0.699850470679532	0.0896175828606865	0.0347241848031337	0.994933117796316	0.239956200682856	0.141969364868249	0.192842772479592	0.991469834211659	0.935766324112983	0.166432653884132	0.338560801830553	0.994933117796316	-0.00922354722849875	0.0095006100886276	-0.0781796418769489	0.104137407002913
Odoribacteraceae	0.00576540992096703	1.56785777689273	1.20775701388454	3.19164315673528	1.22062643779668	0.23173510518229	0.00436016826343224	0.909397422362515	0.740920783536642	0.0043754103863873	0.954715032586824	0.768623367081702	0.0149900657945143	0.645547793007807	0.0170046562273857	0.991469834211659	0.935766324112983	0.0170641005069105	0.967506456224427	0.966977784393109	0.00137045951406661	-0.000710008351131574	-0.00560241996212084	0.00187347048925017
Dehalobacteriaceae	0.00128273916556756	1.4438870199596	1.71022054596781	-3.76759128545892	-1.3407106907083	0.190078932741545	0.00202310131027106	0.273133783729926	0.298850756775035	0.00254251112273342	0.662185130196582	0.694944861040949	0.00384821749670269	0.630287594556816	0.00876677234450793	0.991469834211659	0.859942264479752	0.0110175481985115	0.921583090595793	0.934581020020586	-0.005524007651564	0.00466218862311741	-0.0114061047394943	0.0100095155028542
Methylobacteriaceae	0.640493855024204	0.582499301144533	0.510071170459158	0.476293584701597	-0.411880891434094	0.68335489274462	0.645223322610191	0.639070575880667	0.278400454496213	0.605595355932503	0.00307434245995503	0.208270754266771	0.713693152741256	0.807601236880005	0.718963130908499	0.991469834211659	0.859942264479752	0.674806253753361	0.119899355938246	0.820076646997522	0.00658062257379407	-0.00385030448909253	0.0700245032635709	-0.121323554305607
Unclassified	0.897177151144328	3.62650194667378	3.62988309022508	-0.130951159308817	-0.622019581840895	0.538628020034066	0.909214742484988	0.265137441315619	0.395567757876156	0.910875925583206	0.479521907082382	0.82388206529643	0.897177151144328	0.786643492907765	0.909214742484988	0.991469834211659	0.90747897395118	0.910875925583206	0.921583090595793	0.973678804441235	-0.00193584183730236	0.00173842976016679	-0.00524567704980416	0.00591050676266375
Clostridiaceae	0.000140522986436851	2.60832545191253	1.84795530291196	4.73033149438517	1.63987254193094	0.111477376558259	0.000165730879351205	0.112524567093004	0.690631279905327	0.000151936213971461	0.0925866152503494	0.536482429491347	0.00109607929420744	0.630287594556816	0.00107725071578283	0.991469834211659	0.935766324112983	0.00102256579669703	0.442751816617383	0.820076646997522	-0.0141701045545776	0.0154270735357454	-0.0781090289490452	0.0860106021202118
Sphingomonadaceae	0.10655112158276	0.340249152259582	0.147815500304343	1.67558224812402	-0.838137270037873	0.408581960160456	0.200753933284706	0.390687809832988	0.958104782051136	0.182986194022577	0.0936932371010795	0.299778493677083	0.18067364094468	0.708847114230285	0.279621549932269	0.991469834211659	0.983318065789324	0.259704393916949	0.442751816617383	0.820076646997522	0.00567761347492463	-0.00669683865515408	0.0328305338348659	-0.0672835355518355
Propionibacteriaceae	0.688066665495448	0.141444390452641	0.107022636903479	0.408751596501363	0.177764085399667	0.8601031350387	0.689864885418085	0.498560029135036	0.0574777766681953	0.697850781627591	0.853367084533396	0.165088454362419	0.745405554286735	0.897547857826678	0.747353625869592	0.991469834211659	0.859942264479752	0.75600501342989	0.950894751337213	0.804806215016795	0.000810676946534894	0.00305246980826838	-0.0182330479492305	0.00451670891421034
Peptostreptococcaceae	0.0723627869920066	0.730751850299964	0.486695539140812	1.89154263623313	1.42879260604628	0.163393980447492	0.128626103034269	0.893048578032305	0.612416598582046	0.128442559032883	0.579411400710608	0.945760448961216	0.129751799682514	0.630287594556816	0.209017417430687	0.991469834211659	0.935766324112983	0.208719158428435	0.921583090595793	0.994933117796316	0.00250782021784953	-0.00110972465710847	-0.0169290554220738	0.0242157097109891
Barnesiellaceae	0.145267233536152	1.48284566963337	1.3476084810947	1.55386251224939	0.332471736609563	0.741845126338085	0.0883242396042115	0.874629957616834	0.997382481780646	0.0666028213515601	0.51275813657862	0.0201076193317837	0.226616884316397	0.850939997858392	0.172232267228212	0.991469834211659	0.997382481780646	0.129875501635542	0.921583090595793	0.392267948667277	0.000523419555958348	-0.000640863650359526	-0.0305111450181018	0.0130513002321707
Moraxellaceae	0.00032224076235218	0.250692193433379	0	4.04506797214265	-1.53725878468165	0.134711355879815	0.0346164249395302	0.846912455439834	0.675740906462074	0.0219089009389894	0.181937125082779	0.0230930970610563	0.00157092371646688	0.630287594556816	0.0843775357901048	0.991469834211659	0.935766324112983	0.061031938330042	0.709554787822839	0.392267948667277	-1.64419978729671e-16	0.00116035898773046	-1.43736641529008e-16	-0.0393391391333476
RF16	0.491610377633797	0.317811625868957	0.406792962868822	-0.703406467601398	-1.84261973718747	0.0752872379805066	0.510545244735237	0.422505734080461	0.305229496481254	0.517090064946227	0.710477755237234	0.544336423507776	0.563906021403473	0.630287594556816	0.589763370174251	0.991469834211659	0.859942264479752	0.593132721555966	0.921583090595793	0.820076646997522	0.00743701015618458	-0.00566818632748562	-0.000640261016952523	0.014037563215061
