Name	SugarVsControl	meanSugar	meanControl	tStatistic	tValueSugar	WithinSugar	SugarVsControl_BW	BodyWeightInteraction	BodyWeight	SugarVsControl_FoodIntake	FoodIntakeInteraction	FoodIntake	SugarVsControl_Adj	WithinSugar_Adj	SugarVsControl_BW_Adj	BodyWeightInteraction_Adj	BodyWeight_Adj	SugarVsControl_FoodIntake_Adj	FoodIntakeInteraction_Adj	FoodIntake_Adj	BodyWeightSugarEstimate	BodyWeightSugarInteractionEstimate	FoodIntakeSugarEstimate	FoodIntakeSugarInteractionEstimate
Actinomycetales	0.00101985046581026	0.723659508971062	0.252488423794463	3.78018983069443	-0.45617616633473	0.651548654104935	0.00434000185541068	0.79140920003373	0.827115009703461	0.00421567859530851	0.545216696070683	0.884074373138951	0.00364232309217951	0.814398980051592	0.0217000092770534	0.959704125050732	0.899038054025501	0.0210783929765425	0.801789258927475	0.884074373138951	0.00245792717524427	-0.00215869247077829	0.0168885799194772	-0.0260567130076252
Anaeroplasmatales	0.775599267798408	0.820976674821536	0.858323438078356	-0.289474734649246	0.759688582505549	0.453369540169047	0.796803387486299	0.649182504250205	0.699318481649411	0.783696511427286	0.0594167541839792	0.184203683663693	0.823238107338575	0.814398980051592	0.829249968194132	0.959704125050732	0.899038054025501	0.8340911331529	0.280192650715874	0.576585258200677	-0.00172968953309801	0.00344631953458115	-0.0326888771122067	0.0724123840022111
Bacillales	0.823238107338575	0.202456886779103	0.227141669053508	-0.227261371657532	-0.22540991929549	0.82318890697396	0.813877745493053	0.0283290531590651	0.327920415208813	0.814808383807283	0.028161177175785	0.474729379546771	0.823238107338575	0.857488444764541	0.829249968194132	0.708226328976627	0.737963360842336	0.8340911331529	0.176007357348656	0.659346360481627	0.00816703355833359	-0.0123869365596458	0.0405445963425393	-0.0658852915042304
Bacteroidales	0.820199275701236	4.12688726926078	4.11853665560833	0.230866357726011	0.608327298936634	0.547548957405788	0.829249968194132	0.358894056929563	0.230595967440984	0.8340911331529	0.859828614984671	0.874507500553516	0.823238107338575	0.814398980051592	0.829249968194132	0.959704125050732	0.729423565549267	0.8340911331529	0.895654807275699	0.884074373138951	0.00246660927541378	-0.00186368797929416	0.00221018740888133	-0.00194181084474522
Bdellovibrionales	0.40463562727508	0.143893769973802	0.216747690117765	-0.857735576271446	0.135962917019671	0.892758855295786	0.376738733748653	0.163902984637298	0.103759698499582	0.394571660692592	0.367995216162499	0.365626494145245	0.532415299046158	0.892758855295786	0.495708860195596	0.959704125050732	0.729423565549267	0.51917323775341	0.613325360270832	0.576585258200677	-0.00228144375714316	0.00603386165572327	-0.00676071415899534	0.0212615525534613
Bifidobacteriales	0.000144305167323617	1.74725300029093	0.612509907279153	4.48732802425729	1.43391771076782	0.161937426618758	0.00122423607146881	0.300387429318179	0.757056310626388	0.00121296218253509	0.277945174146803	0.805833342050479	0.00120254306103014	0.80968713309379	0.00765147544668004	0.959704125050732	0.899038054025501	0.00758101364084429	0.599682736813394	0.884074373138951	-0.0126639078685914	0.0177915849734068	-0.0645064252916893	0.0985009435855877
Burkholderiales	0.0191171260978284	2.57040884671222	2.17434610354508	2.58573000521738	-0.369809463829765	0.714122327946725	0.0229784490807472	0.861164749849093	0.292060369435947	0.0192864946878646	0.764570049937469	0.0665945593844977	0.047792815244571	0.814398980051592	0.0664162670178555	0.97224854215626	0.730150923589868	0.0535735963551794	0.877648485013834	0.576585258200677	0.00480989338443616	-0.00153568648881084	-0.0263203486606357	-0.0134845051756386
Clostridiales	0.125925614032803	4.07703368645005	4.13304683647314	-1.60810316976876	-0.618684404789677	0.540793917050601	0.13914490980798	0.554476312660279	0.0902677629988243	0.154930373300771	0.701715973468208	0.853371778696404	0.185184726518828	0.814398980051592	0.193256819177751	0.959704125050732	0.729423565549267	0.215181074028849	0.877648485013834	0.884074373138951	-0.00223050081038362	0.00115387781585367	-0.00223411857398892	0.00410863402298756
Coriobacteriales	0.00701630817402065	1.83989410713355	1.64249213212461	2.95248669384189	-0.531759002694297	0.598808965801679	0.023909856126428	0.228805125934016	0.710774016633094	0.0168007188891036	0.0186057867524938	0.39207797557646	0.0219259630438145	0.814398980051592	0.0664162670178555	0.959704125050732	0.899038054025501	0.0525022465284488	0.155048222937448	0.576585258200677	-0.00379412202768391	0.00535519000696387	-0.0321130842110915	0.0535264425692594
Cytophagales	0.701947634014538	0.351300101127991	0.386678114092603	-0.389521910553289	-0.804323400833152	0.427538399852269	0.715950837641383	0.935981929763723	0.380359349146255	0.711533454038331	0.772330666812174	0.167030895662151	0.797667765925612	0.814398980051592	0.813580497319753	0.974981176837211	0.737963360842336	0.808560743225377	0.877648485013834	0.576585258200677	-0.00136390585510643	-0.000407175635551257	0.0101953519515068	0.00763229954579978
Deferribacterales	0.0180257047972997	1.27614567888224	1.76943456699412	-2.67824962331829	-0.366355304729117	0.7166711024454	0.00823267812635321	0.448055343134935	0.46156056341027	0.00733318805943634	0.301805787233027	0.257370784005813	0.047792815244571	0.814398980051592	0.0343028255264717	0.959704125050732	0.779793756965662	0.0305549502476514	0.599682736813394	0.576585258200677	-0.00844776149764583	0.00707745991700687	-0.0139554177925999	0.0502703634365807
Desulfovibrionales	0.501458476336684	1.88401382814481	1.98210912399657	-0.691418671810799	-0.261813116017898	0.795254808550553	0.444603552069732	0.305789877094267	0.262592483597736	0.446789266991318	0.319490744985204	0.332339976609597	0.626823095420855	0.857488444764541	0.555754440087165	0.959704125050732	0.729423565549267	0.558486583739148	0.599682736813394	0.576585258200677	-0.00853828062860904	0.00687901679750912	-0.0117733127909254	0.0355040074538693
Enterobacteriales	2.35018399744427e-07	1.52177311788354	0.478694019832057	7.06507081544126	-1.53072743112966	0.136314607116561	3.28575559563332e-06	0.696799653854301	0.954615673791392	1.77535416747955e-06	0.507149250682036	0.122634135302517	5.87545999361067e-06	0.80968713309379	8.2143889890833e-05	0.959704125050732	0.954615673791392	4.43838541869888e-05	0.792420704190682	0.576585258200677	0.00301891298236511	-0.00392495398890684	-0.00909739360477403	-0.0341601199914461
Erysipelotrichales	0.164248062773305	1.73707265174957	1.44745754589191	1.4761316948984	3.49508702813313	0.00149619277264749	0.104082546175319	0.218522352948818	0.824684282820416	0.0865959575980548	0.0181616116029298	0.737904373047075	0.228122309407368	0.0374048193161873	0.185861689598785	0.959704125050732	0.899038054025501	0.154635638567955	0.155048222937448	0.878457586960803	-0.0101336386322608	0.0113549676247377	-0.0777004131872959	0.112116309025555
Flavobacteriales	0.0921428517239517	1.1374803953199	0.842206524433446	1.80006344692313	0.956848799133999	0.346291435061139	0.079084572259886	0.713077877801123	0.241601629206852	0.0757627999372736	0.227601810015341	0.327670243295467	0.143973205818675	0.814398980051592	0.152085715884396	0.959704125050732	0.729423565549267	0.145697692187065	0.569004525038353	0.576585258200677	-0.00647144710629541	0.00316357279918669	-0.0602456640802418	0.054710483762074
Lactobacillales	0.000409333945855031	2.77279096923534	2.3641472214871	4.45116595556834	1.86178484663737	0.072455965434641	0.000150051408015391	0.767318899069127	0.790862710158118	8.11393360520694e-05	0.0896616482290796	0.351295836155842	0.00188258252598578	0.80968713309379	0.00187564260019239	0.959704125050732	0.899038054025501	0.00101424170065087	0.280192650715874	0.576585258200677	-0.000730134219227732	0.00150896999230802	-0.023037173712261	0.04447300668737
Pseudomonadales	0.000451819806236587	0.653255108994672	0.255683801761627	3.85232504461291	-0.831988503117526	0.411989410733904	0.0142670943304043	0.986087262200039	0.219476793890763	0.0106976953320848	0.0867752223860124	0.152791262139534	0.00188258252598578	0.814398980051592	0.0509539083228726	0.986087262200039	0.729423565549267	0.0382060547574457	0.280192650715874	0.576585258200677	0.00371802738540618	0.000141782737313243	0.0282689458670946	-0.0718161537650204
Rhizobiales	0.65394572158282	0.639962638733702	0.568290552781388	0.457065897560215	-0.569341698982894	0.573362891075868	0.657451088361933	0.894468658783759	0.197353784263132	0.629509088767071	0.00794119662212537	0.279581436771165	0.77850681140812	0.814398980051592	0.78267986709754	0.97224854215626	0.729423565549267	0.74941558186556	0.155048222937448	0.576585258200677	0.00509690393502907	-0.00111751211014082	0.0664050671532469	-0.113911039813832
Rhodospirillales	0.0675072471774599	2.19918577979769	1.9500468564372	1.9866563861869	0.455529449096066	0.65200845423021	0.0355883712502076	0.806151465042614	0.0646591475510317	0.0358257432532984	0.335822332615501	0.11391698228771	0.120548655674036	0.814398980051592	0.08088266193229	0.959704125050732	0.729423565549267	0.0814221437574964	0.599682736813394	0.576585258200677	0.00310122568498251	0.00147429165351192	0.00108231529030727	-0.0307830077109424
Selenomonadales	0.0217078695639872	0.919169315390013	0.761508784831861	2.43964625170946	1.11920835528829	0.271932670715843	0.0748810774152424	0.693372611567211	0.625278502148907	0.0638139192562696	0.136470298272861	0.241813893220025	0.0493360671908799	0.814398980051592	0.152085715884396	0.959704125050732	0.899038054025501	0.132945665117228	0.379084161869057	0.576585258200677	-0.00063065742411225	0.00178474586328446	-0.0143622605376906	0.0346526304833812
Sphingobacteriales	0.0831626676856233	0.147734358056155	0.0443875027180486	1.81634379625863	-0.458048753265902	0.650218076148826	0.126885402839892	0.109545779916504	0.141998299819137	0.147037845821991	0.589032645865925	0.570680399295357	0.138604446142706	0.814398980051592	0.186596180646901	0.959704125050732	0.729423565549267	0.215181074028849	0.818100897036007	0.750895262230732	-0.00269897581120059	0.00566231813278342	-0.00313329823037504	0.0104926045607939
Sphingomonadales	0.0514698521952708	0.392683342817823	0.152739553631815	2.04772760131219	-0.706350194111616	0.48542044815808	0.120044347045804	0.528978741062955	0.592433835400574	0.101158154617292	0.0696069030048309	0.20066503913702	0.0989804849909053	0.814398980051592	0.186596180646901	0.959704125050732	0.899038054025501	0.168596924362153	0.280192650715874	0.576585258200677	0.00574177304525504	-0.00500264051098883	0.0331596221531404	-0.0735576536472058
Verrucomicrobiales	0.0316850745420611	0.2863664223969	0.0856433937741284	2.251168722756	-0.795223561508225	0.432730441057005	0.120073101956335	0.79973542596019	0.894452706461486	0.111297532738193	0.720159837980253	0.176388522187218	0.0660105719626273	0.814398980051592	0.186596180646901	0.959704125050732	0.931721569230715	0.173902394903426	0.877648485013834	0.576585258200677	-0.00105313840961493	0.00168276418223368	-0.0109866318321599	-0.0122569723668877
Victivallales	1.23531948800452e-06	0.657762918231144	0.103355496760483	5.75123519169048	0.725963985198521	0.473486899122293	0.000625241503776693	0.691613727109518	0.383740947638015	0.000634785700595339	0.954347577366882	0.369772792861438	1.54414936000565e-05	0.814398980051592	0.00521034586480578	0.959704125050732	0.737963360842336	0.00528988083829449	0.954347577366882	0.576585258200677	0.00515703514351474	-0.0031010081508663	0.0178769825365204	-0.00236655250144522
Xanthomonadales	0.00020723937555831	0.307396531732806	0	4.20284464244348	-1.44960049239007	0.157544279881977	0.0276671361476801	0.737114044824595	0.467876254179397	0.0286108152547704	0.8425682390981	0.729599510864192	0.00129524609723944	0.80968713309379	0.0691678403692002	0.959704125050732	0.779793756965662	0.0715270381369259	0.895654807275699	0.878457586960803	-2.96115592760718e-16	-0.00236872969791636	-5.47397043156306e-16	0.00745194844984749
