Name	SugarVsControl	meanSugar	meanControl	tStatistic	tValueSugar	WithinSugar	SugarVsControl_BW	BodyWeightInteraction	BodyWeight	SugarVsControl_FoodIntake	FoodIntakeInteraction	FoodIntake	SugarVsControl_Adj	WithinSugar_Adj	SugarVsControl_BW_Adj	BodyWeightInteraction_Adj	BodyWeight_Adj	SugarVsControl_FoodIntake_Adj	FoodIntakeInteraction_Adj	FoodIntake_Adj	BodyWeightSugarEstimate	BodyWeightSugarInteractionEstimate	FoodIntakeSugarEstimate	FoodIntakeSugarInteractionEstimate
Aerococcaceae	0.0252781096312383	0.282624284298526	0.0872075517018759	2.39894920094435	1.48522556541998	0.147917360468268	0.0419723049731032	0.466119139976421	0.0114398798082916	0.054112860377125	0.341585485886079	0.19580543346941	0.0718430484256247	0.557627593507417	0.113325223427379	0.962229181563421	0.556679104564133	0.146104723018238	0.734063727386923	0.723947250847893	0.00195531228534899	0.00356683589899835	0.0350651164708451	-0.0261206254004026
Anaeroplasmataceae	0.816428305275299	0.822479510582451	0.852870027191616	-0.235621221644761	0.764674719694473	0.450438772125804	0.834501253726939	0.651328573988446	0.692377830644014	0.823705170710594	0.0593385784361533	0.182229923325619	0.864453499703258	0.886918838235794	0.8835895627697	0.962229181563421	0.915957084400148	0.878116012506714	0.439364827919765	0.723947250847893	-0.00168896573116343	0.00343393464555206	-0.0326982252688343	0.0726411000081951
Bacillaceae.1	0.908353395107503	0.0539643889854201	0.0596722706656274	-0.116649262993987	1.03105643002818	0.310755523522813	0.920668118148847	0.679675747753698	0.657019893834884	0.920704551303657	0.566659780887058	0.950067348360018	0.925492138411418	0.762763557737815	0.938039214717694	0.962229181563421	0.915957084400148	0.938076335290519	0.849989671330587	0.950067348360018	0.000513826526094316	-0.00123623400166578	0.00640153812436398	-0.00908149373911991
Bacteroidaceae	0.000704681726921576	3.37091930582035	3.15065551976953	4.10174859987376	0.296115048308835	0.769182418730231	0.000509899007977858	0.143143833743953	0.469207377270998	0.000553315710309564	0.154017989537962	0.816647509625304	0.00292713948105886	0.890050052335882	0.00451842114785646	0.962229181563421	0.915957084400148	0.00457867787768635	0.621734765463096	0.918728448328466	0.00457129005837359	-0.00452337316837074	0.0159973663502993	-0.0234333271672172
Bacteroidales_incertae_sedis	0.617002999004715	0.230272898280176	0.272471364175335	-0.51051088668204	0.245634350295619	0.80763801045293	0.608121229634143	0.670888229241192	0.0710911684523532	0.612004852060348	0.890455732073359	0.107725848027765	0.793274847586193	0.890050052335882	0.817192143633215	0.962229181563421	0.556679104564133	0.808643522776821	0.909561657534098	0.723947250847893	0.00451140199314379	-0.00182389378202815	0.0138184130341569	0.0031556363386406
Bdellovibrionaceae	0.478691030022417	0.139368813201518	0.197194442085446	-0.725756084917711	0.2704690453954	0.788651534928739	0.462585369441655	0.126871073413093	0.0719792332183807	0.48108106176583	0.38494159080763	0.220357770193954	0.718036545033625	0.890050052335882	0.693878054162482	0.962229181563421	0.556679104564133	0.696130344384961	0.754859814959632	0.743707474404596	-0.00237166469900256	0.00634638199913769	-0.00275382947750814	0.0197029221364552
Bifidobacteriaceae	0.000131149355749584	1.74945642030351	0.609207268346372	4.51890224660944	1.43388422320129	0.161946910255828	0.00117224413030673	0.29933823321695	0.756803374560413	0.00116021611174608	0.27569422316058	0.80362980307656	0.00116772818634546	0.557627593507417	0.00791264787957044	0.962229181563421	0.915957084400148	0.00783145875428604	0.697928764507683	0.918728448328466	-0.0126999570522863	0.0178390469370654	-0.0647723389140045	0.0990066786222267
Bradyrhizobiaceae	0.705000652270158	0.093423631891788	0.065172708025553	0.386423260801364	-1.49706651725172	0.144824143867497	0.689743555016509	0.468275732309283	0.441488364612796	0.686358244288438	0.162918734971564	0.872504061253129	0.798534012943034	0.557627593507417	0.819983304225836	0.962229181563421	0.915957084400148	0.823629893146125	0.621734765463096	0.923827829562136	0.00329818577755428	-0.00268500876510111	0.0218279923848763	-0.0272498748669427
Burkholderiaceae	0.631681823077894	0.037211914386553	0.0594037864804616	-0.48929753718078	-1.51998791519416	0.138984438903722	0.635593889492501	0.955466410014209	0.800897450301466	0.619202235332831	0.872513382095474	0.0568497473084106	0.793274847586193	0.557627593507417	0.817192143633215	0.971713073068109	0.916125776584298	0.808643522776821	0.909561657534098	0.723947250847893	-0.000346485583054106	0.000136271733271502	-0.00887827929323003	-0.00197355292143269
Carnobacteriaceae	4.02619595156195e-07	0.900056907008938	0.183797031198363	7.24818613626983	1.78650859059365	0.0841276396545755	6.23021322387365e-07	0.832150891582485	0.763297570333457	2.61255503694266e-07	0.353438090964074	0.0994264952017423	1.08707290692173e-05	0.557627593507417	1.68215757044589e-05	0.962229181563421	0.915957084400148	7.05389859974518e-06	0.734063727386923	0.723947250847893	0.00182352640100027	-0.00133577981754	0.000724577630833214	0.0297123009583741
Clostridiaceae.1	0.000151372172304041	2.61072856511208	1.58035742898624	4.91779363946621	1.885831242354	0.0690335015844525	2.62408762099226e-05	0.0911602977859345	0.992105726017025	2.63942519247148e-05	0.105262965166385	0.642974697994956	0.00116772818634546	0.557627593507417	0.000354251828833955	0.962229181563421	0.992105726017025	0.00035632240098365	0.568420011898481	0.915288760013535	-0.0161167534330865	0.0194921916881101	-0.0862091033678621	0.0986825599819374
Clostridiaceae.2	0.503102829681427	0.409719716837117	0.327813003397718	0.686170356724517	1.45886496020651	0.154993964667305	0.499821590009612	0.893498035214727	0.318329950544666	0.495111741951279	0.189367665720512	0.726022531963433	0.73425818385938	0.557627593507417	0.716093819101914	0.962229181563421	0.915957084400148	0.696130344384961	0.621734765463096	0.918728448328466	-0.00171506708779297	-0.000845567068391589	-0.0279610063647929	0.0438317156745724
Clostridiaceae.4	0.0837800376021346	0.046919484606498	0	1.78663702826065	0.0344670070177579	0.972733064157107	0.3399943106666	0.902197582607675	0.789939635398335	0.329151958625384	0.501453735597855	0.244629234292567	0.170368251889063	0.988185719438905	0.573740399249888	0.962229181563421	0.916125776584298	0.555443930180335	0.784704316821158	0.754700427764362	1.05755568843113e-17	-0.000313451570015092	-4.19231871126274e-17	0.00888551330235098
Clostridiales_Incertae.Sedis.XI	0.810950916257406	0.338825798135043	0.316013632298367	0.242774199294455	-1.80656618725432	0.0808709853622926	0.823544786899642	0.903795353572988	0.0721621061472025	0.829331789589675	0.864078486831842	0.411584065107705	0.864453499703258	0.557627593507417	0.8835895627697	0.962229181563421	0.556679104564133	0.878116012506714	0.909561657534098	0.754700427764362	-0.00319696632771438	-0.00064510718506996	-0.0141518691864703	0.00499649873189581
Clostridiales_Incertae.Sedis.XIII	0.626433869205358	1.13812315472519	1.10930808873591	0.492940427543745	-0.401389002465966	0.690978717609439	0.698504296192379	0.658093980327178	0.15124198969395	0.705958854312326	0.813059918463485	0.644092090379895	0.793274847586193	0.886918838235794	0.819983304225836	0.962229181563421	0.859519924722635	0.82629463400999	0.909561657534098	0.915288760013535	-0.00356300875715446	0.00171851794886853	-0.000460822302658565	-0.00497897637956198
Coriobacteriaceae	0.00529827821835998	1.84219809620224	1.63615925822008	3.07490298211302	-0.52618161893163	0.602630673949389	0.0184005640427144	0.226734625199866	0.69745530492992	0.0124644839189406	0.0172530879154946	0.383809124626924	0.0190738015860959	0.886918838235794	0.066242030553772	0.962229181563421	0.915957084400148	0.0517755485863688	0.322003482647418	0.754700427764362	-0.00377221960866035	0.00536272119894358	-0.0323269182037587	0.0539499952101163
Corynebacteriaceae	3.91895952898498e-05	0.264877978256486	0	4.78989356662404	1.34474061235919	0.188788423506402	0.0134601386786927	0.879380856234297	0.742227354177132	0.01352649426749	0.892717923135319	0.814374217319274	0.000529059536412972	0.599680874667394	0.0559113452807234	0.962229181563421	0.915957084400148	0.0521736207460327	0.909561657534098	0.918728448328466	2.04128201748123e-16	-0.000814656160049936	3.68325143918083e-16	0.00382974638499617
Cryomorphaceae	0.000196199474445302	0.317824838336966	0.0572831009840208	4.15094375578833	0.61616534308618	0.542432847381146	0.00889999029271932	0.848745025968616	0.820865672738955	0.00815571401734874	0.505544606593556	0.447229883119622	0.00123561701744275	0.886918838235794	0.0416721681941012	0.962229181563421	0.916125776584298	0.037082604769042	0.784704316821158	0.754700427764362	-0.00120820768214528	0.000946748964562291	-0.00447376355646993	0.0173022070063037
Cytophagaceae	0.69398650226838	0.256584823146433	0.222330590080424	0.399767828564103	-0.87842273677989	0.386695868650271	0.724058764349038	0.649841714797792	0.352894312218871	0.720073655689519	0.195731315053197	0.463349703540456	0.798534012943034	0.87006570446311	0.820693021954253	0.962229181563421	0.915957084400148	0.82629463400999	0.621734765463096	0.758208605793473	-0.0036940610123839	0.00229985839481292	-0.0175457683322229	0.0344663913872156
Deferribacteraceae	0.0190130434638997	1.27837125301362	1.76301257076659	-2.64837544230262	-0.362084212372505	0.719827268263758	0.00926048182091138	0.447832388075698	0.465443866307125	0.0082405788375649	0.297265955253272	0.255029186486398	0.0570391303916991	0.886918838235794	0.0416721681941012	0.962229181563421	0.915957084400148	0.037082604769042	0.697928764507683	0.754700427764362	-0.00841984497981227	0.00707419043598948	-0.0141763650120836	0.0506757463288784
Defluviitaleaceae	0.704132895139125	0.270867420127663	0.235868030596941	0.384772805481603	0.123276732072032	0.90271017741271	0.75520758875444	0.400080234333151	0.671840198080737	0.757551462573889	0.741905789805337	0.863397650265993	0.798534012943034	0.955810776084046	0.832269587606933	0.962229181563421	0.915957084400148	0.834852632224286	0.909561657534098	0.923827829562136	0.00502574527202595	-0.00494946731302139	0.0100683514058724	-0.0103002172633996
Desulfohalobiaceae	0.437318870012389	0.215629568506329	0.285993252573153	-0.796122013773297	-0.337682185383563	0.737954226141774	0.454987851698817	0.307852473594571	0.381816654449749	0.457364179816682	0.610280937337615	0.287076821197222	0.680188930711022	0.886918838235794	0.693878054162482	0.962229181563421	0.915957084400148	0.696130344384961	0.867241332006084	0.754700427764362	-0.00578283388474081	0.00502777894937576	0.00206296331704339	0.0132843424203112
Desulfomicrobiaceae	0.87427815636428	0.844031583731789	0.863073030532982	-0.160189725238528	1.10285963412145	0.278856924091727	0.895287478821157	0.859620765584589	0.584658951881867	0.892480483590016	0.185990162127091	0.436822048914243	0.907904239301368	0.717060661950156	0.929721612621971	0.962229181563421	0.915957084400148	0.926806656035786	0.621734765463096	0.754700427764362	0.000470976055717673	0.00133532633646984	-0.0259956504225019	0.0519884966549815
Desulfovibrionaceae	0.533169184767501	1.73298181140366	1.83338639759377	-0.641023906700367	-0.409444661256107	0.685122169465986	0.458228396441485	0.315183926834643	0.194234627517762	0.464726237625558	0.391408792942031	0.360559121227471	0.738234255831925	0.886918838235794	0.693878054162482	0.962229181563421	0.859519924722635	0.696130344384961	0.754859814959632	0.754700427764362	-0.00938195519466093	0.00711638896954339	-0.00946033031905444	0.0325107775809485
Enterobacteriaceae	2.34683651446836e-07	1.52393612475214	0.476968464139905	7.08174901149485	-1.52908812110545	0.136719428441339	3.01890303994816e-06	0.700220413377612	0.957862362758666	1.63056146465167e-06	0.508604649791492	0.123671053087494	1.08707290692173e-05	0.557627593507417	5.43402547190669e-05	0.962229181563421	0.975935237527698	2.935010636373e-05	0.784704316821158	0.723947250847893	0.00299244432579301	-0.00387365061578441	-0.00907721151866945	-0.0340069157025654
Erysipelotrichaceae	0.152741502490651	1.7393925617544	1.44156743937642	1.52074033991906	3.49331075383463	0.00150326188767775	0.0951087396360641	0.218744236091146	0.831299315789456	0.0783586273267689	0.017889082369301	0.732487560781326	0.274934704483171	0.0811761419345984	0.213994664181144	0.962229181563421	0.916125776584298	0.182943716399727	0.322003482647418	0.918728448328466	-0.0101043040811757	0.0113547637392686	-0.0777731984508424	0.112402224850409
Eubacteriaceae	0.440863195831218	1.16260684737439	1.10678884891176	0.786877056446737	-0.598881783205415	0.553747455542307	0.503917872701347	0.628925936288017	0.507500516841473	0.481493532581366	0.715302130742008	0.034582811978923	0.680188930711022	0.886918838235794	0.716093819101914	0.962229181563421	0.915957084400148	0.696130344384961	0.909561657534098	0.723947250847893	-0.00283261905859074	0.00210309859138746	-0.0145163875567219	-0.00795886885048106
Flavobacteriaceae	0.0305284254312156	0.141230582942102	0.0292089159449185	2.2493565877727	0.781209538859952	0.440800927867598	0.147296824484291	0.770706775352111	0.438013426924914	0.135062575739639	0.288198953708046	0.158348563542216	0.0791802582960058	0.886918838235794	0.283941914343256	0.962229181563421	0.915957084400148	0.260477824640732	0.697928764507683	0.723947250847893	0.000221252208644293	0.00115995747071225	-0.00381661062630715	0.0217979717191578
Gracilibacteraceae	0.765684404905078	0.223731775641545	0.26190598350909	-0.304393818618081	0.647197019676048	0.52242628645155	0.729504908403781	0.0822315625203097	0.451886729692627	0.734484119119991	0.221932370330551	0.42988785198278	0.843815466630086	0.886918838235794	0.820693021954253	0.962229181563421	0.915957084400148	0.82629463400999	0.630755157781565	0.754700427764362	0.0100712724967165	-0.0102084072943444	0.0393982212668612	-0.0382698755287549
Lachnospiraceae	0.083629014882484	3.51823063538318	3.66536597262213	-1.8601555895786	-0.916635244807192	0.366644124470363	0.0604494053228144	0.531670180857873	0.193054702245185	0.064327099268168	0.437076721077018	0.579968567907401	0.170368251889063	0.860816640060853	0.155441327972951	0.962229181563421	0.859519924722635	0.165412540975289	0.767438242929387	0.891613956776509	-0.00406478120186359	0.0025046152256289	-0.00744605756411928	0.0167302551472115
Lactobacillaceae	0.000377994513415324	2.68429303130414	2.26591935766394	4.46751085132205	1.90309076767011	0.0666638127241287	0.000164529525234042	0.739756212449176	0.750937247995462	8.74818725596714e-05	0.0732274713199609	0.398129893850687	0.00204117037244275	0.557627593507417	0.00177691887252765	0.962229181563421	0.915957084400148	0.000944804223644452	0.439364827919765	0.754700427764362	-0.00080607453848215	0.00174735540322306	-0.0267220249401124	0.0484373867979539
Methylobacteriaceae	0.532232061583707	0.600389326830313	0.504375038143762	0.638577046210401	-0.261570277764219	0.795440285410032	0.53994978837382	0.673622529443667	0.206921463359153	0.502760804278028	0.00580722577520349	0.296599889538378	0.738234255831925	0.890050052335882	0.747622783902212	0.962229181563421	0.859519924722635	0.696130344384961	0.313590191860988	0.754700427764362	0.006791129372174	-0.00343863539447241	0.0681590346155865	-0.114427086378279
Micrococcaceae	0.000592498296799834	0.499174507119962	0.0993684421860812	3.86625789445268	-1.78989595899443	0.0835699448612033	0.00771244637900632	0.942300834340378	0.903118357391101	0.00676985818199742	0.261081065777706	0.755633448005219	0.00266624233559925	0.557627593507417	0.0416472104466341	0.971713073068109	0.956242966649402	0.0365572341827861	0.697928764507683	0.918728448328466	9.99883288470886e-05	-0.000540234880897669	0.0278180690906503	-0.0439234146637671
Moraxellaceae	0.000483841116553414	0.420726531637896	0.0859903669835503	3.80051960273222	-1.68444106602707	0.102474290313189	0.0240710632551008	0.651060489716243	0.557228570177388	0.0179580314177402	0.211496538753745	0.0859103915532204	0.00237522002671676	0.557627593507417	0.0764610244573791	0.962229181563421	0.915957084400148	0.057043158621057	0.630755157781565	0.723947250847893	-0.00112062567497755	0.00338877383268785	0.00725098094126614	-0.0474373459536674
Neisseriaceae	0.959866681449872	0.0448443945218237	0.0475259446828638	-0.0512991929019071	-0.346289779661118	0.731541977651115	0.955849844718932	0.971713073068109	0.68971019079811	0.953650407568902	0.0532587880908796	0.772183452694262	0.959866681449872	0.886918838235794	0.955849844718932	0.971713073068109	0.915957084400148	0.953650407568902	0.439364827919765	0.918728448328466	0.000458054931612859	-8.9627128194486e-05	0.0205573158941828	-0.0252200214220056
Oxalobacteraceae	0.618283079608149	0.0741195705689172	0.109979591095388	-0.508353418889905	-1.15769203503652	0.256123988869919	0.625359675832814	0.294505840929447	0.622586737174894	0.62894496215975	0.61012111335735	0.588333743270918	0.793274847586193	0.717060661950156	0.817192143633215	0.962229181563421	0.915957084400148	0.808643522776821	0.867241332006084	0.891613956776509	-0.00261485218693367	0.00404074584525597	0.00306389906401885	-0.0104395996504223
Peptococcaceae.1	0.247284054476664	0.988692458447968	1.1571779368986	-1.20128361899852	-1.18034024062978	0.247139492503875	0.241436646103523	0.904884395911902	0.0608821721080063	0.26181397044504	0.670950114374438	0.799486458267296	0.417291841929371	0.717060661950156	0.434585962986341	0.962229181563421	0.556679104564133	0.456063045291359	0.905782654405491	0.918728448328466	0.00469437391694363	0.000888795526107307	0.00862976588057137	-0.0174694377369468
Peptostreptococcaceae	0.10826285102846	2.27644970438647	2.07139962069296	1.70014387255779	1.49029377923157	0.146586955790264	0.117092039042927	0.524712653733131	0.581398414366468	0.115606920511352	0.313859375760864	0.936473081962267	0.206547520319652	0.557627593507417	0.240409815605654	0.962229181563421	0.915957084400148	0.231213841022703	0.706183595461944	0.950067348360018	-0.00212177675286628	0.00428412158106579	-0.0281761058478279	0.0358500752225393
Porphyromonadaceae	0.0438833178541573	3.71720841273428	3.60553828880531	2.23847422040099	0.506867508060699	0.615953321710985	0.0151351158591575	0.47607304314457	0.270845726895667	0.0170206459066977	0.631109637838564	0.85642493218264	0.103030398440195	0.886918838235794	0.0583783040281788	0.962229181563421	0.915957084400148	0.057043158621057	0.873844113930319	0.923827829562136	0.00233261612711343	-0.00164850809589191	0.00546333023834082	-0.0059740848860389
Prevotellaceae	0.00207768354803231	3.58274237134041	3.80424310146225	-3.52027124633167	0.353111671786698	0.726473923471866	0.00530967713452027	0.591295497513236	0.335161531154819	0.00578938284266595	0.769752136375724	0.594409304517672	0.00801392225669604	0.886918838235794	0.0318580628071216	0.962229181563421	0.915957084400148	0.0347362970559957	0.909561657534098	0.891613956776509	0.00319615942801101	-0.0021165218627464	0.000213329540292782	0.00615889327908823
Propionibacteriaceae	0.660814559035141	0.143480011825827	0.106043644595086	0.446807375725244	0.184174174841305	0.855116123394104	0.664797437452562	0.476544268893376	0.0492522060656975	0.67488531005473	0.850174133557728	0.174026835599828	0.798534012943034	0.923525413265632	0.819983304225836	0.962229181563421	0.556679104564133	0.823629893146125	0.909561657534098	0.723947250847893	0.00080326125843178	0.0032163735226128	-0.018108412553126	0.00464598580303804
Pseudomonadaceae	0.0124444561811453	0.427907427071702	0.190655634712797	2.62944235988232	0.0458186893725597	0.963758407160889	0.0889558315058638	0.625230361575812	0.430840516570085	0.0802614436754093	0.148593592813145	0.316306334133286	0.0420000396113653	0.988185719438905	0.208852821796376	0.962229181563421	0.915957084400148	0.182943716399727	0.621734765463096	0.754700427764362	0.00502768829207576	-0.00349268134325653	0.0244070256517159	-0.0536916504573111
Rhodospirillaceae	0.0851841259445316	2.07421515336724	1.8370249645475	1.86226585723711	0.528494742546658	0.601044285832008	0.0416957669345247	0.609641768522134	0.067814384894892	0.0439733988007068	0.475768716105449	0.135674100981506	0.170368251889063	0.886918838235794	0.113325223427379	0.962229181563421	0.556679104564133	0.12497702817043	0.784704316821158	0.723947250847893	0.00170452334510619	0.00302322673170565	-0.00366461681479131	-0.0226163730661379
Rikenellaceae	0.000150872564558128	2.97000956427829	2.42516768480009	5.51136602521654	1.42240794568301	0.165222990668864	2.44060747070764e-08	0.047333944433859	0.689671866356189	5.32799028909272e-08	0.440566398718722	0.381103113758843	0.00116772818634546	0.557627593507417	1.31792803418212e-06	0.962229181563421	0.915957084400148	2.87711475611007e-06	0.767438242929387	0.754700427764362	-0.00748450045093435	0.0083226625909232	-0.0215622412560511	0.0173469219182647
Ruminococcaceae	0.0321652518290037	3.75755205491238	3.8234640222117	-2.2785676741994	-1.1065333893294	0.277290082820658	0.0742009469814595	0.908772004809898	0.158508375865401	0.0813083183998787	0.739222035660243	0.889621464775829	0.0791802582960058	0.717060661950156	0.18212959713631	0.962229181563421	0.859519924722635	0.182943716399727	0.909561657534098	0.923837674959515	-0.00120294907882538	0.000216110076742714	0.00317278713563444	-0.00340452845956622
Sphingobacteriaceae	0.110923668319813	0.133879926109079	0.0432745043262129	1.66617217871387	0.0149314624066194	0.988185719438905	0.152487324369526	0.116086114812202	0.184828905924373	0.165946266832963	0.421610993064806	0.316568182217947	0.206547520319652	0.988185719438905	0.283941914343256	0.962229181563421	0.859519924722635	0.309003393413104	0.767438242929387	0.754700427764362	-0.00263130010174356	0.00520755310992361	-0.00305473206472027	0.0143747914551191
Sphingomonadaceae	0.0484237141494922	0.39427042666595	0.152020825571233	2.07585732471447	-0.708328456741131	0.484209111479689	0.117330746302621	0.537252665682017	0.598446251636594	0.0988865726633055	0.0728520120404734	0.201096458568859	0.108953356836357	0.886918838235794	0.240409815605654	0.962229181563421	0.915957084400148	0.21359499695274	0.439364827919765	0.723947250847893	0.00564358549592211	-0.00491167843243897	0.0326080886664241	-0.0728727822082748
Staphylococcaceae	0.709808011504919	0.108667480686787	0.14761848930043	-0.379945326715294	-0.516487226147028	0.609300737281157	0.6763045707935	0.0375736453155562	0.533471710920694	0.679825167959135	0.053203007275398	0.794762569075137	0.798534012943034	0.886918838235794	0.819983304225836	0.962229181563421	0.915957084400148	0.823629893146125	0.439364827919765	0.918728448328466	0.00743000596064231	-0.0104098971877627	0.0358417577889987	-0.0515485855416466
Streptococcaceae	0.271557564099438	0.363482880055607	0.234742654084423	1.13971916316762	-0.336148159944466	0.739099031863161	0.281009817363675	0.466155379561677	0.939608976337958	0.244241092772774	0.0357160784640225	0.133656658110016	0.444366923071808	0.886918838235794	0.489500972181886	0.962229181563421	0.975747783120187	0.439633966990993	0.439364827919765	0.723947250847893	0.0035511289975637	-0.00452228462889967	0.0292922129219419	-0.0653772809634837
Sutterellaceae	0.0175162138211939	2.56538839544393	2.1520096221641	2.63066574802626	-0.349495003910775	0.729159234002343	0.020282481218935	0.88144190699328	0.300661674932638	0.017027662572311	0.796920216160414	0.0709280028215211	0.0556397380202629	0.886918838235794	0.0684533741139057	0.962229181563421	0.915957084400148	0.057043158621057	0.909561657534098	0.723947250847893	0.00465543774217407	-0.00133693622492996	-0.0277557400022022	-0.0118398170351832
Veillonellaceae	0.237726681810984	0.77892004128849	0.68972555855282	1.20700777836242	0.687460456401983	0.497073462587504	0.376470897212374	0.790582216358711	0.48987754491175	0.361805623996072	0.162526002717986	0.325457464325623	0.414104542509456	0.886918838235794	0.616043286347521	0.962229181563421	0.915957084400148	0.592045566539027	0.621734765463096	0.754700427764362	0.000232039780813366	0.00139094843617417	-0.0170810179987402	0.0379627688969969
Verrucomicrobiaceae	0.0322586237502246	0.287293106188517	0.0860857452424599	2.24386381448391	-0.788187479034718	0.436771145240267	0.120204907802827	0.795715868432191	0.891760001159598	0.111633048001474	0.724608012345301	0.180915624960793	0.0791802582960058	0.886918838235794	0.240409815605654	0.962229181563421	0.956242966649402	0.231213841022703	0.909561657534098	0.723947250847893	-0.00107603535351635	0.0017221027875211	-0.0109621185525253	-0.0120942715873297
Victivallaceae	9.83630789651661e-07	0.659699230149536	0.101788325243567	5.81511788894659	0.729746618204347	0.471205088153627	0.00058572125990732	0.700878312831872	0.381635163902884	0.00059353231747786	0.96516280175185	0.366096287187063	1.77053542137299e-05	0.886918838235794	0.00451842114785646	0.962229181563421	0.915957084400148	0.00457867787768635	0.96516280175185	0.754700427764362	0.0050891731006137	-0.00300369692128061	0.0175821224344217	-0.00180565217550483
Xanthomonadaceae	0.000205936169573791	0.306937950149963	0	4.20509083015453	-1.44227244225259	0.159585107617246	0.0276035295219731	0.738588593775809	0.470457451097141	0.0285104563574436	0.837574532340696	0.721269558880677	0.00123561701744275	0.557627593507417	0.0828105885659193	0.962229181563421	0.915957084400148	0.0855313690723307	0.909561657534098	0.918728448328466	-2.92922971814511e-16	-0.00235037825969972	-5.46199237810231e-16	0.00767510356650898
