Name	SugarVsControl	meanSugar	meanControl	tStatistic	tValueSugar	WithinSugar	SugarVsControl_BW	BodyWeightInteraction	BodyWeight	SugarVsControl_FoodIntake	FoodIntakeInteraction	FoodIntake	SugarVsControl_Adj	WithinSugar_Adj	SugarVsControl_BW_Adj	BodyWeightInteraction_Adj	BodyWeight_Adj	SugarVsControl_FoodIntake_Adj	FoodIntakeInteraction_Adj	FoodIntake_Adj	BodyWeightSugarEstimate	BodyWeightSugarInteractionEstimate	FoodIntakeSugarEstimate	FoodIntakeSugarInteractionEstimate
Acetanaerobacterium	0.417685318260259	1.2151410458173	1.30752914855789	-0.834890136499591	-0.139674321237472	0.889850824561536	0.38364030269525	0.714668127350414	0.109786329486852	0.395842170087221	0.44882200286167	0.688141705598523	0.605643711477376	0.988148431745817	0.571851420395395	0.986654107854167	0.867856616422247	0.588688355514329	0.970872281630505	0.910435922554021	-0.0050674439196968	0.00201473992438361	-0.0222606374458322	0.0227095719966781
Acetitomaculum	0.514300760943262	1.16082047237896	1.24897421833716	-0.663577289060484	-1.79682554106224	0.0824388544988903	0.584412866305212	0.759589513564952	0.525742202908066	0.584364817857292	0.691042825663276	0.555025771718682	0.699475884950411	0.658536675838397	0.761706657206793	0.986654107854167	0.912238808272462	0.761644032263437	0.99046386217382	0.889874057364598	8.88044837793294e-05	-0.00257030363327078	-0.00193847689964256	0.0176502122375726
Acetivibrio	0.98641614392958	0.835149345266601	0.837553717678651	-0.0173568427565822	1.99136629878388	0.0556144959570166	0.984785914472159	0.732777343220645	0.271090779248135	0.984823446025242	0.697296365187795	0.319391384635286	0.98641614392958	0.658536675838397	0.984785914472159	0.986654107854167	0.867856616422247	0.984823446025242	0.99046386217382	0.889874057364598	0.00462999752315991	-0.00224826467270248	0.00488292228664716	0.0135752194135907
Acinetobacter	0.00136352789516188	0.394391257554063	0.0915173049675883	3.44786852941344	-1.75394046727977	0.0896528512443181	0.0345996570884673	0.562179930528013	0.419406456654317	0.0273632118711406	0.192977839734088	0.0910993900810258	0.00790846179193888	0.658536675838397	0.158104866531738	0.986654107854167	0.874655021680113	0.126965303082092	0.678346345731945	0.889874057364598	-0.00123877108877984	0.00421673824711048	0.00902807598426594	-0.048250349264239
Adlercreutzia	0.21424604870651	0.848517803063882	0.695976713714797	1.30735652146056	-0.446677221662837	0.658316082041853	0.147878487185393	0.318821227099121	0.40229622674481	0.116187324762291	0.00567788576355146	0.495061359898402	0.436009502630793	0.978654398565971	0.357373010698033	0.986654107854167	0.874655021680113	0.313435573777342	0.278357058706032	0.889874057364598	-0.00622468385566811	0.00544351196496393	-0.0654906066643099	0.0767345578678183
Aerococcus	0.0369454908518926	0.208739600275348	0.0530128016410055	2.209172136586	1.19864788793697	0.240048055154021	0.0806975240545276	0.491936516806	0.0795505086432387	0.090300679982244	0.358857974089182	0.598412984322125	0.126049321729987	0.732778273628063	0.257994974255968	0.986654107854167	0.867856616422247	0.275654707314218	0.925056110985446	0.889874057364598	0.000510937244747351	0.00314260773343604	0.0229306522372557	-0.0229546249748356
Akkermansia	0.0310782616110616	0.285265493919924	0.0857805150607653	2.25866919845334	-0.825343637898583	0.415691627706685	0.120574199963796	0.830568211696931	0.941628155758313	0.111608387798783	0.729925801443355	0.174597131916149	0.112658698340098	0.893032391031457	0.322590412274511	0.986654107854167	0.991920203167338	0.308251737729973	0.99046386217382	0.889874057364598	-0.000980951647719001	0.00141235733538131	-0.011348080597601	-0.0117484562169521
Alistipes	0.000199858927296488	2.91909302335627	2.38723024582018	5.36493026018415	1.28867631543126	0.207360331047558	2.39369716028823e-08	0.0311242646877977	0.526896553053922	5.97796441936536e-08	0.479546338089666	0.251676837561507	0.00214290544744938	0.658536675838397	2.77668870593435e-06	0.689532692550383	0.912238808272462	6.93443872646382e-06	0.970872281630505	0.889874057364598	-0.00827183563634752	0.0088645772234122	-0.0227116232276122	0.0155990493424733
Allobaculum	0.361755217645975	0.101721246404583	0.0465791039652739	0.932240320863461	1.0266889173155	0.312774451211722	0.378875226226149	0.00566258582832463	0.0283316956472589	0.439040606364112	0.21712713118424	0.538030682648191	0.559514736625774	0.829560637375942	0.571851420395395	0.656859956085658	0.867856616422247	0.621692308904505	0.694846244120951	0.889874057364598	-0.00501510297139593	0.00947887594610985	-0.0235756781657164	0.0244098817930253
Alloprevotella	0.307350909368969	0.0627006997362687	0.151044340397258	-1.06861320408068	1.06757248410614	0.294229312098404	0.183484589213771	0.484961263158001	0.155602630586558	0.194641685379132	0.682696529368841	0.539010451954514	0.502150781504231	0.829560637375942	0.373407234189428	0.986654107854167	0.867856616422247	0.389283370758264	0.99046386217382	0.889874057364598	0.00385369175360658	-0.00239980787083417	0.0106587944630122	-0.00760320873091127
Anaerobacter	3.9985268954749e-05	1.35174479001804	0.309958734742838	5.34896694630976	2.0770633454881	0.0464558194813462	2.18989767100782e-05	0.0848257538615328	0.837678604293853	2.37717118729036e-05	0.107190020827979	0.955399723014831	0.000773048533125148	0.658536675838397	0.000635070324592268	0.689532692550383	0.991920203167338	0.000689379644314203	0.607255085723443	0.981375704524128	-0.0172740927509144	0.0198787369837393	-0.0726297526472239	0.0985129485468307
Anaerofilum	0.889364775950224	0.318527628627677	0.30213860555646	0.141764523866939	-1.48246627250049	0.148645738772822	0.876774102481693	0.143571094764594	0.278505447442729	0.876051372570029	0.0789657534689353	0.417490345832443	0.921127803662732	0.658536675838397	0.91626843142231	0.730203184950094	0.867856616422247	0.918279049709313	0.607255085723443	0.889874057364598	0.00903769016963695	-0.0081820200195126	0.0492718914850865	-0.0519695917740506
Anaerofustis	0.318575047811811	0.176313865896522	0.105137815130155	1.02181506505697	1.46927752489737	0.152167028265811	0.386867991937426	0.237314276026657	0.187043364275618	0.383988196043683	0.172005622357853	0.185628569769933	0.50622884309822	0.658536675838397	0.571851420395395	0.983159143539006	0.867856616422247	0.580245289419212	0.678346345731945	0.889874057364598	-0.00203319219144547	0.00509441529530263	-0.0103575158728595	0.0310298276076584
Anaeroplasma	0.735469881627265	0.82073050899302	0.865791295253653	-0.343251818224936	0.661227686898955	0.513512935816572	0.760340834857757	0.618259723979107	0.769450919619428	0.746752267113148	0.0706353886860916	0.225827643126497	0.856178162852235	0.978654398565971	0.86794540651249	0.986654107854167	0.991920203167338	0.864985908571347	0.607255085723443	0.889874057364598	-0.00231196715563644	0.00384541598323011	-0.0331308219873798	0.0710734752703895
Anaerosporobacter	0.142959530770268	1.14269240684912	0.936148972783133	1.56055122011882	0.766619221198543	0.449298888984832	0.089520834923851	0.935622293481505	0.246683148888479	0.0886178297577377	0.923779167381991	0.211713577074983	0.352665720843938	0.914362651267377	0.273274127662282	0.986654107854167	0.867856616422247	0.275654707314218	0.99046386217382	0.889874057364598	0.00318234981217249	-0.000502959801889346	0.0155226457103249	0.0031398410171536
Anaerostipes	0.297020805154274	0.976422950144745	1.15098704878147	-1.07310227037278	-0.395724839708983	0.695108315576706	0.348013233484651	0.854098229452241	0.245933261260572	0.355191752567061	0.828334750615982	0.653816199494851	0.498598315170067	0.983323958620706	0.553007329920814	0.986654107854167	0.867856616422247	0.564414291750398	0.99046386217382	0.898860427449251	-0.00283250121749359	-0.00177497138856427	-0.0184890224713954	0.0112321576138003
Anaerotruncus	0.190311973142193	1.95580501120002	2.08066037861646	-1.36515663922962	0.697476227119165	0.490875337874413	0.201759141719828	0.12913708544418	0.485016913928359	0.182712595083528	0.101873988772202	0.0573842985305452	0.408818312675822	0.965110833786981	0.403518283439655	0.730203184950094	0.879031833357923	0.3718361584156	0.607255085723443	0.889874057364598	-0.0077609307286045	0.00778032277785088	-0.0105123163205425	0.0425375159261413
Anaerovorax	0.847489527758481	1.13433780578083	1.12218060450145	0.194476709615532	-0.485731876073836	0.630686189798306	0.874979328451167	0.598249327319615	0.112945536932055	0.87869805618736	0.747149603567568	0.534781626040414	0.896062368998254	0.978654398565971	0.91626843142231	0.986654107854167	0.867856616422247	0.918279049709313	0.99046386217382	0.889874057364598	-0.00422623806545392	0.00212820995362308	-0.00057424395211098	-0.00708761189590092
Arthrobacter	0.00475863090822501	0.162522934057577	0	3.0415561854824	-1.40373267413855	0.170665883487961	0.108032301562332	0.88246642579807	0.748636121724654	0.105995900488342	0.704889216028084	0.510399278451482	0.0230000493897542	0.658536675838397	0.313293674530764	0.986654107854167	0.991920203167338	0.30440465086732	0.99046386217382	0.889874057364598	2.64388922107784e-17	0.000766954338427861	1.31758588068258e-17	-0.0103312279128792
Asaccharobacter	0.00826788285782582	1.23723736730403	1.01082834352692	2.90825445614637	-1.31093623285307	0.199826019998861	0.022721361705614	0.488292470384893	0.890589790195277	0.0168508349249772	0.0710266453323071	0.273158233419345	0.0383629764603118	0.658536675838397	0.114594693819618	0.986654107854167	0.991920203167338	0.0948250517310034	0.607255085723443	0.889874057364598	-0.00260945311204548	0.00348206306415207	-0.0228946158438371	0.0463960868529058
Bacteroides	0.000203206551051234	3.36816583980782	3.16435355936317	4.58479652422	0.173704856813429	0.863264238987704	0.000225370656925748	0.127516493034003	0.607067926529283	0.000192091066016278	0.070456736109521	0.58326501538648	0.00214290544744938	0.988148431745817	0.00290477735593187	0.730203184950094	0.950292228721216	0.00247584040643202	0.607255085723443	0.889874057364598	0.00386730289424556	-0.00406565093290107	0.0158025770735279	-0.0253406329860847
Barnesiella	0.142841041382375	3.49934626076193	3.39813028340894	1.57067250792049	0.825342870645027	0.415692056374166	0.0658352164853159	0.919603608230026	0.336668514991389	0.0684987539338821	0.763488135016572	0.778748583930495	0.352665720843938	0.893032391031457	0.24635113265473	0.986654107854167	0.867856616422247	0.247117379000716	0.99046386217382	0.95089300774671	0.00126547901078308	-0.00028332850286457	0.00521316849185278	-0.00451285357766865
Bifidobacterium	9.78549142660335e-05	1.65160705123026	0.437869011361882	4.71633235115383	1.49156290663003	0.146255319937357	0.00043627154734569	0.144781665981484	0.888405035434352	0.000418748207995979	0.120890891235985	0.91399552242893	0.00129013015777491	0.658536675838397	0.00460068177200909	0.730203184950094	0.991920203167338	0.00441589019341215	0.607255085723443	0.981375704524128	-0.0193020022785273	0.0244773848622705	-0.107374648727327	0.137380001676636
Bilophila	0.18685561324566	0.893669532309672	1.10647605059593	-1.38566987576525	-0.812265838090273	0.423038026646952	0.155804668089987	0.134278198596046	0.326537383330258	0.163729981346513	0.278730619031774	0.466185293145311	0.408818312675822	0.893032391031457	0.365754738441146	0.730203184950094	0.867856616422247	0.362568625046727	0.829044918145789	0.889874057364598	-0.0125751936949122	0.0117342128509797	-0.0210173247261554	0.0454220837321652
Blautia	0.278911759336115	1.24879037099366	1.42029850641457	-1.12421392539187	-1.62669486062251	0.114261733023425	0.259985342583619	0.151798095486828	0.925137912290171	0.261612557434043	0.221631991659269	0.571146559927953	0.497610839572387	0.658536675838397	0.450123876711938	0.733690794853002	0.991920203167338	0.452941144214164	0.694846244120951	0.889874057364598	0.00972170649621381	-0.0114475510959459	0.0285498054022116	-0.051586328905191
Butyricicoccus	0.113401017812297	1.72206872753545	1.98456957148258	-1.70640602745014	-0.551621963314225	0.585293238588309	0.0529209689193282	0.488126241056455	0.409446004026393	0.0451479219995572	0.188868054362409	0.134617046790698	0.31320281110063	0.978654398565971	0.21924401409436	0.986654107854167	0.874655021680113	0.187041391141023	0.678346345731945	0.889874057364598	-0.00613308558883015	0.00480014215216408	-0.0120918407127054	0.0467654279267181
Butyricimonas	0.0952323811603863	1.73581667514955	1.51753139666957	1.81315024694539	-0.431359569901765	0.669290999765494	0.0372145888799045	0.506416149378292	0.614902180510577	0.0388305062730903	0.944296513670388	0.88738723074902	0.28325528755397	0.978654398565971	0.159884900372923	0.986654107854167	0.950292228721216	0.166827360284388	0.99046386217382	0.981375704524128	0.00393589267480347	-0.00353878608255511	-0.00322027441454568	0.00197884848616329
Butyrivibrio	0.145930643107837	0.441200135949394	0.616889936021444	-1.52072574492981	-0.577612880223645	0.567835822560815	0.167112078770524	0.744087255255841	0.0779900010442684	0.176263167632512	0.540710087464256	0.273395372505364	0.352665720843938	0.978654398565971	0.365754738441146	0.986654107854167	0.867856616422247	0.370056913839388	0.970872281630505	0.889874057364598	-0.00624871565313518	0.00214042689627492	-0.000553162586227474	-0.0217095488361279
Catonella	0.729284745346763	0.415790698440777	0.475616110634611	-0.35472202376415	-0.4971026857391	0.62274032624263	0.659509828932956	0.369403957496155	0.441346210661322	0.662697334702005	0.544023261258473	0.606034918377614	0.856178162852235	0.978654398565971	0.822614410281967	0.986654107854167	0.879031833357923	0.826590223929383	0.970872281630505	0.889874057364598	-0.00318619879577684	0.00638609969240266	-0.0257121780528494	0.0229812867876781
Cellulosibacter	0.750325272456616	0.252069420433913	0.220597096929613	0.323394093292232	-0.588099377792313	0.560867140593911	0.770675662679193	0.740810199252897	0.905180851054466	0.760591057536874	0.81827946193527	0.0650022412004142	0.856178162852235	0.978654398565971	0.86794540651249	0.986654107854167	0.991920203167338	0.864985908571347	0.99046386217382	0.889874057364598	-0.00179225409734609	0.00186401796514026	-0.0182917581261665	-0.00654417037094201
Clostridium.III	0.280829023021278	0.116491188378827	0.189689562751752	-1.11141795864229	0.619134947633146	0.540501063075986	0.315468646241949	0.0787971443459067	0.622525568459155	0.31775469445054	0.125638983253126	0.421217449409741	0.497610839572387	0.978654398565971	0.522776613772373	0.689532692550383	0.950292228721216	0.519148514876938	0.607255085723443	0.889874057364598	0.00488457883182018	-0.00678264836697526	0.030489198704487	-0.0312316469960154
Clostridium.IV	0.283248882672159	2.47168010401908	2.40298716555942	1.10093647763331	-0.20441076135348	0.839412986804836	0.361065257290249	0.606708295799625	0.167027720842137	0.373648372327421	0.717894969842901	0.842745800181786	0.497610839572387	0.988148431745817	0.558447597942252	0.986654107854167	0.867856616422247	0.580245289419212	0.99046386217382	0.977585128210872	-0.000417424099636951	-0.0020127447518779	0.00394518422985429	-0.00766055279281518
Clostridium.XI	0.14197204103431	2.12499871200093	1.93179375213904	1.55414738405569	1.50913454225294	0.141725392846487	0.122361880517918	0.526046671959056	0.657400807886606	0.121548267111891	0.387810796299226	0.887445082480709	0.352665720843938	0.658536675838397	0.322590412274511	0.986654107854167	0.950292228721216	0.317642239589169	0.964300044039054	0.981375704524128	-0.00228259116740234	0.00408319980469188	-0.0241778138263737	0.0293979217005418
Clostridium.XlVa	0.459343968164435	2.46016072014821	2.56245255981813	-0.766505554416113	-0.959565395402935	0.344944289428138	0.329164594265143	0.532830271937846	0.25947736203837	0.336698303164755	0.517780196747013	0.829676618610844	0.653741970695309	0.860281002507425	0.531416569655621	0.986654107854167	0.867856616422247	0.542458377320994	0.970872281630505	0.977585128210872	-0.0051537201058165	0.00339903197061916	-0.0115239553185412	0.0189315690978142
Clostridium.XlVb	0.000817630645359388	1.65219467222438	1.30163621089565	4.0084717242231	2.02753230904735	0.051572048307952	0.000719137006053935	0.0746442181478592	0.794112390755324	0.000824476367196032	0.135680293797492	0.837685759796877	0.00526917527009383	0.658536675838397	0.00595856376444689	0.689532692550383	0.991920203167338	0.00683137561390998	0.629556563220362	0.977585128210872	-0.00800954949347655	0.00911036484261981	-0.0328813131892097	0.0405727718516265
Clostridium.sensu.stricto	0.000235640834004556	2.40811707539378	1.13435869693647	4.90356166963811	1.75279636225788	0.0898524057705757	5.50250049817111e-06	0.0641769721909072	0.771919481801306	4.38185152536767e-06	0.0489913532700079	0.396689870539804	0.00216058012716111	0.658536675838397	0.000319145028893924	0.689532692550383	0.991920203167338	0.00017530176395182	0.607255085723443	0.889874057364598	-0.0211850336188015	0.0239954095141096	-0.12467505325329	0.133482931216391
Coprococcus	0.387565074379261	0.767974002409082	0.871507590227591	-0.884820088999288	-1.02868986988097	0.311848366328432	0.445190948950351	0.674531750697211	0.668853277843981	0.442435490101598	0.477057824903394	0.575165783900611	0.58386426789603	0.829560637375942	0.622194579255912	0.986654107854167	0.950292228721216	0.621692308904505	0.970872281630505	0.889874057364598	0.00359200389524198	-0.00296374131744245	0.028852121527216	-0.0264223443144459
Corynebacterium	7.02825265202779e-05	0.25173279377802	0	4.58511599878683	1.54452020013311	0.13294690635644	0.0178002555704574	0.970916599144425	0.936983954938738	0.0171666041926817	0.734356412655322	0.555206051135076	0.00116468186805032	0.658536675838397	0.0953950340522161	0.986654107854167	0.991920203167338	0.0948250517310034	0.99046386217382	0.889874057364598	1.96121707031463e-16	-0.000194606508999736	3.41374523631394e-16	0.00952349387874304
Defluviitalea	0.643088006730665	0.27426127567484	0.231498249104777	0.469640021208522	0.119663418008109	0.90554755472844	0.708708505709868	0.418271273507823	0.688142648384329	0.711209217198747	0.722047643070196	0.927184194867079	0.810850095443012	0.988148431745817	0.847527697549945	0.986654107854167	0.950292228721216	0.859377804115153	0.99046386217382	0.981375704524128	0.00491260021203373	-0.00485149893292002	0.00977829532014602	-0.0113324843662211
Desulfomicrobium	0.797811194844229	0.84502860314017	0.876463435828616	-0.259548205940258	1.02262552074192	0.314660931418461	0.830052421127961	0.822136208348828	0.667776082520823	0.826040213604905	0.206395770238706	0.509445991695689	0.873076401905005	0.829560637375942	0.908359253309844	0.986654107854167	0.950292228721216	0.903968535643104	0.684054552791139	0.889874057364598	-0.000168307616368781	0.00171812150801548	-0.0266069451906489	0.0503666644719857
Desulfovermiculus	0.65178254506952	0.062691216747582	0.0856834561942622	-0.460609958838611	-0.190251864139583	0.850393322803459	0.643990085289872	0.179018276427095	0.954554954034682	0.650171785850273	0.766594739684688	0.579014609321681	0.812976077721121	0.988148431745817	0.822614410281967	0.798696925597807	0.991920203167338	0.824053045254617	0.99046386217382	0.889874057364598	-0.00296403826279288	0.0035261828099493	-0.00647189887136406	0.00414764475944151
Desulfovibrio	0.518576949187374	1.42407888304581	1.28813640821246	0.666708915850789	-0.34978608012314	0.728942985418835	0.395955965593014	0.649834413820791	0.271576770518468	0.404153956398828	0.984369705641201	0.763323842211729	0.699475884950411	0.988148431745817	0.57413615010987	0.986654107854167	0.867856616422247	0.593441252433722	0.99046386217382	0.95089300774671	-0.00662336698482472	0.00378104189378231	0.00516248931876408	0.000876523501851377
Dorea	0.783435035105348	1.23217138891036	1.26134164435206	-0.279067500061114	-0.856647245555869	0.398431193928272	0.803528555913007	0.533461373044404	0.616880891270914	0.802131898069818	0.447567195886153	0.434446827295293	0.865509181640194	0.893032391031457	0.890982584343229	0.986654107854167	0.950292228721216	0.88640145632744	0.970872281630505	0.889874057364598	0.00198348077948687	-0.0038185468883416	0.0292788394535032	-0.0244697200298878
Enterobacter	2.18649586664088e-09	0.792700560238053	0.0255597795575192	7.96569354052551	-0.426730140336197	0.672622732953333	5.60541330357008e-05	0.658736260366392	0.260978089324344	6.49779107711007e-05	0.718563458301222	0.469722875383166	2.53633520530342e-07	0.978654398565971	0.00130045588642826	0.986654107854167	0.867856616422247	0.00120311476434606	0.99046386217382	0.889874057364598	-0.000589872185816828	-0.00392940977067728	-0.0019961979769178	-0.0171224370216697
Enterorhabdus	0.849714315429379	0.573121231692063	0.59209450614658	-0.191892668957465	-0.100769925095064	0.920403560625705	0.873874350449643	0.53741246297657	0.968138298603226	0.873849264759264	0.543388043912728	0.867200228256084	0.896062368998254	0.988148431745817	0.91626843142231	0.986654107854167	0.993841085291807	0.918279049709313	0.970872281630505	0.981375704524128	0.00308496052887441	-0.00385581716303364	-0.0127175900460267	0.0200771708780374
Escherichia.Shigella	1.46582734214349e-06	1.19375141117263	0.391029704642791	5.89837321822302	-1.55881099129744	0.12952929836567	0.000210850741389654	0.927522548731138	0.957716058230533	8.29734320238661e-05	0.507741444356283	0.0242322934326208	4.25089929221612e-05	0.658536675838397	0.00290477735593187	0.986654107854167	0.991920203167338	0.00120311476434606	0.970872281630505	0.810120029977469	-0.000564392865549447	0.000935969211807444	-0.0256623864580979	-0.033596795156489
Ethanoligenens	2.31510892284752e-05	0.637121263625989	0.179557734451661	4.98802615884458	0.0896665195537736	0.929148190756436	0.000988069962895761	0.876080276534089	0.354100538587848	0.00110475305236739	0.882781154842166	0.858250592635196	0.000537105270100626	0.988148431745817	0.00764107437972722	0.986654107854167	0.874655021680113	0.00854342360497451	0.99046386217382	0.981375704524128	-0.00152016711638407	-0.00105006848606174	-0.0067663102575311	0.00530631894476843
Eubacterium	0.738442507984503	1.11786587521638	1.09194255750269	0.338971068275877	-0.826905159460343	0.414819768072389	0.766032593963322	0.71782224123365	0.274418716425796	0.750701059156892	0.460340264703669	0.0162636879106519	0.856178162852235	0.893032391031457	0.86794540651249	0.986654107854167	0.867856616422247	0.864985908571347	0.970872281630505	0.810120029977469	-0.00325854463091239	0.00164329079710494	-0.0117328889036267	-0.0166652438090237
Faecalibacterium	0.232863968567256	0.855153040994597	0.981647214874135	-1.24293892037784	-0.359382169437813	0.721826568198376	0.217517235075591	0.119037792278742	0.659473583626699	0.21688138874242	0.743430117863558	0.105664945067418	0.465727937134512	0.988148431745817	0.413639332274894	0.730203184950094	0.950292228721216	0.405778082163237	0.99046386217382	0.889874057364598	0.00603409897005446	-0.00839527451947321	0.026777628773027	-0.00916127458222246
Fastidiosipila	0.106161395115994	0.103073439661884	0.0292560166362903	1.66262533535202	2.71035815632419	0.0110063294454368	0.247619736835926	0.261841725872615	0.956403497481559	0.247597969706171	0.26065305360766	0.991359693891655	0.307868045836384	0.638367107835336	0.435210446560112	0.986654107854167	0.991920203167338	0.435172189180543	0.795677742591805	0.991359693891655	-0.00314995187698873	0.00373651468815757	-0.0148077222168602	0.019799774841887
Flavonifractor	0.267385808785006	2.84570666877301	2.92691552807767	-1.14517881965754	-2.2382035406393	0.0327816948955635	0.308624704779613	0.619706420340514	0.382465963409266	0.299690448395618	0.684900678467199	0.133224064559973	0.497610839572387	0.658536675838397	0.518847329774421	0.986654107854167	0.874655021680113	0.503827420491184	0.99046386217382	0.889874057364598	0.000314621745326963	-0.0020548001265346	0.020667522057484	-0.00871145008981828
Fluviicola	0.0104876331901916	0.218745152735387	0.056399453080261	2.70844104659689	0.137425645621919	0.891612566852868	0.0745349340183662	0.759751170420492	0.995521652727375	0.0726906212487194	0.581920527732622	0.58788339227142	0.0467909788485469	0.988148431745817	0.257994974255968	0.986654107854167	0.995521652727375	0.248003296025043	0.99046386217382	0.889874057364598	-0.0011834286042171	0.00142303782602187	-0.00440475137450567	0.0134712810622879
Gemmiger	0.196549293948369	1.15951731174045	1.45526802714995	-1.36657578181606	-0.429868525864135	0.670363340127845	0.107344608166778	0.080143381953715	0.492560941105733	0.107591299013449	0.0712024058242025	0.651845222396169	0.414540329054743	0.978654398565971	0.313293674530764	0.689532692550383	0.879031833357923	0.30440465086732	0.607255085723443	0.898860427449251	-0.0163401763243732	0.0168245735218608	-0.0593706254018524	0.0918791514157202
Gordonibacter	0.557843742816089	0.427012032769656	0.359329336957531	0.600330596017223	1.98555501232997	0.056289288217794	0.538124590550849	0.728503467769084	0.36251156931023	0.5369463008659	0.556673561204175	0.363022244524335	0.732936177293648	0.658536675838397	0.717499454067799	0.986654107854167	0.874655021680113	0.71170129164843	0.978395956055823	0.889874057364598	-0.00363185378063875	0.00198795691248152	-0.00144881144682984	0.0177685679092128
Gracilibacter	0.939223437776187	0.189673148183911	0.199393849017758	-0.0778053851199188	0.22451711307259	0.82387713529618	0.923895322392639	0.0155227139219044	0.286002169978995	0.926170039418724	0.114505924491627	0.138497502686447	0.950736242370898	0.988148431745817	0.940104012259177	0.689532692550383	0.867856616422247	0.942418636601508	0.607255085723443	0.889874057364598	0.0131932855732319	-0.0133664361299422	0.0537010890273222	-0.0464324233667825
Hallella	0.053077670124011	2.05058918705302	2.18166648328704	-2.05877547350343	0.45787841910753	0.650339059771401	0.0816880759432817	0.701900057174196	0.178301362440818	0.0873126787366687	0.969858646815279	0.463351395271334	0.171028048177369	0.978654398565971	0.257994974255968	0.986654107854167	0.867856616422247	0.275654707314218	0.99046386217382	0.889874057364598	0.000778184199136616	0.00147503999014428	-0.00718012958662578	0.000783567943369029
Hespellia	0.287413157339224	0.0855959114335669	0.176095914113418	-1.11212740693215	-0.0664942662326902	0.947425491961828	0.212312189027293	0.969763305582023	0.986065058786987	0.211376217737918	0.987639351369337	0.690675527454774	0.497610839572387	0.988148431745817	0.413639332274894	0.986654107854167	0.995521652727375	0.401961332091778	0.99046386217382	0.910435922554021	0.000142027164616122	-0.000142046550245691	0.00363079550213678	-0.000306233382543654
Hydrogenoanaerobacterium	0.462127944801857	1.11861139787546	1.20842191482938	-0.753282488284468	0.288955790317909	0.774602600646176	0.465033404238843	0.171664534812253	0.191243244746267	0.48324377645543	0.537333438099132	0.955995298372642	0.653741970695309	0.988148431745817	0.634633822255362	0.796523441528854	0.867856616422247	0.659485624339175	0.970872281630505	0.981375704524128	-0.0105088776047296	0.00884702831642061	-0.0155392036071168	0.0217800083063359
Insolitispirillum	0.767608008074418	0.647495818777878	0.697411721052545	-0.302055483860205	-0.0763280948205613	0.939664838754793	0.729653683004318	0.549831177266152	0.252260370573911	0.726819052537653	0.784632548867701	0.121170276065023	0.856178162852235	0.988148431745817	0.863671706413275	0.986654107854167	0.867856616422247	0.860316429534365	0.99046386217382	0.889874057364598	-0.000415278626827647	0.00451458662368686	-0.0348806342174243	0.0107670601128817
Johnsonella	0.621853982017586	1.09482194473725	1.03629289919164	0.502175605441588	-0.804892822236333	0.427214780304507	0.653515639110017	0.906804244204414	0.637920846206795	0.653559311753662	0.866405834462927	0.657315322626949	0.792692988066373	0.893032391031457	0.822614410281967	0.986654107854167	0.950292228721216	0.824053045254617	0.99046386217382	0.898860427449251	-0.00187388063502621	0.000795569737604708	0.00234581791876756	0.00604417553576856
Lachnoanaerobaculum	0.0499343751997206	1.54686615768201	1.80273001649385	-2.1576990003057	-0.0306487060471355	0.975752693578061	0.0251384342568676	0.664457433017052	0.486584086756456	0.0263371051881264	0.931649946227237	0.906318154148215	0.165496786376217	0.988148431745817	0.121502432241527	0.986654107854167	0.879031833357923	0.126965303082092	0.99046386217382	0.981375704524128	-0.00359490179534035	0.00250377525858237	0.00354485723217579	-0.00263642669538987
Lachnobacterium	0.848169227087093	0.119691424296498	0.104308189734775	0.19496420211666	0.851739930072086	0.401106679750712	0.841101632319466	0.917179907748638	0.181386459989099	0.843023899158596	0.982045070546159	0.350849902029459	0.896062368998254	0.893032391031457	0.911848498589327	0.986654107854167	0.867856616422247	0.913932451424272	0.99046386217382	0.889874057364598	0.00240215005648666	-0.000416289701685762	-0.00831846185721213	-0.000482104082928363
Lachnospira	0.0596583551732699	1.16786489227112	1.48619039392029	-2.02854786102678	-1.33637455846412	0.191475112970895	0.0581822601011563	0.888069630931026	0.243676275070733	0.0590536781545812	0.45488600103759	0.455665742480222	0.187037005408089	0.658536675838397	0.228550840637867	0.986654107854167	0.867856616422247	0.22834088886438	0.970872281630505	0.889874057364598	-0.00283607396595874	-0.00120504525670076	0.010930975113068	-0.0340641801938916
Lachnospiracea_incertae_sedis	0.16772942938564	2.18446853670959	2.36944372460164	-1.45133696817243	-0.168865719783101	0.867035695955685	0.138153017713871	0.383091332220946	0.0783157105673231	0.134780253253255	0.0808336322781669	0.215441344474049	0.380565391314539	0.988148431745817	0.348385870756719	0.986654107854167	0.867856616422247	0.332649135688884	0.607255085723443	0.889874057364598	-0.00902270540143181	0.00562391206161254	-0.0268717222151583	0.059890117360574
Lactobacillus	0.000339811288971582	2.66249550343142	2.24445488339738	4.54715202300453	1.91598382088902	0.0649398451787546	0.000109335672141549	0.710197205936366	0.825382550072368	5.88934760836448e-05	0.0762529960270278	0.466062149270454	0.0026278739680469	0.658536675838397	0.00181184828120282	0.986654107854167	0.991920203167338	0.00120311476434606	0.607255085723443	0.889874057364598	-0.00113345455259179	0.00189224317536419	-0.0268573158058401	0.0465043171617873
Lactococcus	0.713009291370759	0.079546681545293	0.060559030687631	0.372971084420541	-0.0855980215964178	0.932354699857298	0.751389639642069	0.668811961377161	0.143726166103587	0.757788210130859	0.700342328306503	0.708834813127775	0.852670905144412	0.988148431745817	0.86794540651249	0.986654107854167	0.867856616422247	0.864985908571347	0.99046386217382	0.92057907543008	0.00286662943073001	-0.00133865957162576	0.00217732208631614	-0.00653851579383808
Lactonifactor	0.112830483247157	0.773217188533101	0.905780591863582	-1.63718879721018	-0.53978698675224	0.593328429815101	0.236182606948715	0.614225403731371	0.754876652146288	0.232422723697716	0.344306671490901	0.787685639285155	0.31320281110063	0.978654398565971	0.424812204930568	0.986654107854167	0.991920203167338	0.421266186702111	0.925056110985446	0.951786814136229	0.00309614003768497	-0.00292103985461416	0.0181695507850745	-0.0288550906406352
Leclercia	0.0161838736082819	0.0682899546375726	0	2.54341065444055	-0.453516155155559	0.653440746359292	0.177452848304021	0.978148468993356	0.952635925278484	0.157059929843623	0.329084717292583	0.093280680500752	0.067047476377168	0.978654398565971	0.370058626861624	0.986654107854167	0.991920203167338	0.362568625046727	0.925056110985446	0.889874057364598	-1.24873880993643e-16	-7.15023725228407e-05	-2.28780821100338e-16	0.0129009014309628
Marvinbryantia	0.144224518530513	1.66174531008691	1.8780208083329	-1.54934790520765	-0.514931292174762	0.610374477046027	0.112177904163517	0.793887030340864	0.654233933420429	0.103673343189758	0.658995964142149	0.161752150896761	0.352665720843938	0.978654398565971	0.317381387389464	0.986654107854167	0.950292228721216	0.30440465086732	0.99046386217382	0.889874057364598	-0.00269729075441879	0.00182605315820054	0.0100815794186992	0.0159144449120595
Meniscus	0.764735734988844	0.227175960171143	0.204166191673908	0.302978095455439	-0.837967143644715	0.408676001049424	0.806492856517578	0.67734479225949	0.316595412240632	0.802346145813631	0.151950156226836	0.375596116383751	0.856178162852235	0.893032391031457	0.890982584343229	0.986654107854167	0.867856616422247	0.88640145632744	0.652822893418998	0.889874057364598	-0.00356181893067247	0.00204116876800771	-0.0179343199604295	0.0368131515759316
Methylobacterium	0.56233896361323	0.59889450095972	0.509873571872107	0.59177545431353	-0.267210418500077	0.79113557245882	0.571445013810982	0.695365631175445	0.23108128000388	0.532669527677915	0.00468925261336216	0.280908146421076	0.732936177293648	0.988148431745817	0.753268427296294	0.986654107854167	0.867856616422247	0.71170129164843	0.278357058706032	0.889874057364598	0.00641389195671398	-0.00321078903134766	0.0696873279446421	-0.117165907984654
Moryella	0.240714865713906	0.600445050603282	0.441641956883943	1.2313647274656	0.279258869802116	0.78196240809161	0.163606836473244	0.827349549352298	0.113145115163896	0.175823239883048	0.686735214220284	0.662432493400312	0.466343096093653	0.988148431745817	0.365754738441146	0.986654107854167	0.867856616422247	0.370056913839388	0.99046386217382	0.898860427449251	-0.00254096763126118	-0.00128114529380263	0.0157381034980619	-0.0129047279987133
Mucispirillum	0.0180104487789286	1.27617220313065	1.77685965409944	-2.67717955038252	-0.409261506237873	0.685255106134345	0.00831322460667559	0.425876323190887	0.422247251845572	0.0077432177430086	0.326563498937833	0.299595136693994	0.0720417951157144	0.981352991501037	0.0535741141319094	0.986654107854167	0.874655021680113	0.0499007365660554	0.925056110985446	0.889874057364598	-0.00912347231505943	0.00755297410760397	-0.0144008443773272	0.0488101861110372
Odoribacter	0.000100096305344605	0.945688264550101	0.159792371155753	4.36975843819785	1.9909056070068	0.0556677308366303	0.00649718145517672	0.804863020582867	0.945952249894844	0.00629316107833191	0.53525201263359	0.984073749041304	0.00129013015777491	0.658536675838397	0.0443337087529706	0.986654107854167	0.991920203167338	0.0429415697109707	0.970872281630505	0.991359693891655	-0.00329082838233749	0.00354252602211949	0.034613271162943	-0.0468933598966061
Olsenella	0.000260759670519444	0.409034464527011	0.0536551641858684	4.01478515641304	0.127185718802998	0.899642092047317	0.018034191138349	0.380036555662375	0.0807878651252147	0.0239655136292032	0.876239027405241	0.966855298635636	0.00216058012716111	0.988148431745817	0.0953950340522161	0.986654107854167	0.867856616422247	0.126363617317617	0.99046386217382	0.98381767229591	-0.000377054773713265	0.00666343563000479	-0.00566730798062122	0.00653516633617274
Oribacterium	0.241211946255338	0.319145074144172	0.481749860898404	-1.23118312587492	-0.525074729642949	0.60339050173139	0.166292899242711	0.440486696140122	0.662353243009585	0.158089045406778	0.149890985403643	0.634793956541355	0.466343096093653	0.978654398565971	0.365754738441146	0.986654107854167	0.950292228721216	0.362568625046727	0.652822893418998	0.898860427449251	-0.00487133421581707	0.0046869761086365	-0.0408671160237269	0.0457790050884338
Oscillibacter	0.117724970192452	2.8862746158321	3.03913288639375	-1.6536751461066	0.0257466600886543	0.979629910782491	0.121317147243109	0.588624569866031	0.303314509252474	0.123223282599247	0.826757982397925	0.342193571060806	0.317583640519172	0.988148431745817	0.322590412274511	0.986654107854167	0.867856616422247	0.317642239589169	0.99046386217382	0.889874057364598	-0.00426147248725087	0.00274558440891683	0.00667780996878592	0.00589435199788072
Paludibacter	0.00242601979222772	0.116342050816315	0	3.30171201694242	1.3992294728599	0.171999232891705	0.0822915004092313	0.931276034150246	0.851673696806277	0.0802728398932031	0.708546796261641	0.515888010437828	0.0122355780825398	0.658536675838397	0.257994974255968	0.986654107854167	0.991920203167338	0.266047126503188	0.99046386217382	0.889874057364598	1.93053797840967e-17	0.000295315586133611	-4.49177004778151e-17	0.00672552494846001
Papillibacter	0.254559155157634	1.5340597376583	1.63104913544201	-1.18968803148937	0.19174502864244	0.849233882143762	0.217316637909566	0.721655809664737	0.564432511709384	0.209042999916039	0.770744473319275	0.184485069108355	0.484079704889927	0.988148431745817	0.413639332274894	0.986654107854167	0.948901034178095	0.401961332091778	0.99046386217382	0.889874057364598	0.000302155410941033	-0.00144796796843888	0.016840736892301	-0.00614436180626966
Parabacteroides	0.000392645759197255	2.40045227800885	2.06194234155564	4.66003355530666	-1.40414044665983	0.17054554913493	1.08365809901423e-05	0.0814505753135122	0.892783237391114	4.5336663090988e-06	0.191541255073723	0.0181519315087257	0.00269572997699809	0.658536675838397	0.000419014464952171	0.689532692550383	0.991920203167338	0.00017530176395182	0.678346345731945	0.810120029977469	0.00532767396662969	-0.00624233404325577	-0.00116016888197751	-0.0232394582070384
Paraeggerthella	0.917295147448902	0.242191984850703	0.232582844596239	0.105461842325231	0.237358526762218	0.813992169170293	0.921147733630836	0.583890715757926	0.329921490039169	0.919759369180223	0.18426258210999	0.362178592146119	0.941648115965244	0.988148431745817	0.940104012259177	0.986654107854167	0.867856616422247	0.942418636601508	0.678346345731945	0.889874057364598	0.00418097592369403	-0.00277988948912106	0.0369908968060946	-0.0353461915162833
Paralactobacillus	0.821120705670102	0.582266954157646	0.557927479135246	0.228596822546954	0.452020270388699	0.654505814405539	0.857147364943945	0.917216013675573	0.202412628078481	0.85860330244903	0.445194702224346	0.596950329408559	0.89018693324983	0.978654398565971	0.91626843142231	0.986654107854167	0.867856616422247	0.918279049709313	0.970872281630505	0.889874057364598	-0.00406154369772859	0.000733304030712665	-0.0130949858505389	0.0288764513527342
Paraprevotella	0.871287034392219	3.04731983279744	3.03176102721463	0.163834042247914	1.28087787748612	0.210050491431213	0.897944495697323	0.954437109963434	0.81994466117761	0.897751876403334	0.990091207914137	0.657021861358495	0.91053419810358	0.658536675838397	0.930013941972228	0.986654107854167	0.991920203167338	0.929814443417738	0.99046386217382	0.898860427449251	-0.000846292181581601	0.000361656168364931	0.00672376808215024	-0.000414725564248655
Parascardovia	0.00110213899784815	0.113494499502213	0	3.59753234927546	1.38865552062229	0.175162246484401	0.0591079760270345	0.902232095404048	0.790012337413951	0.0569142464039713	0.660093925972125	0.444976912839986	0.00672884861844137	0.658536675838397	0.228550840637867	0.986654107854167	0.991920203167338	0.227656985615885	0.99046386217382	0.889874057364598	9.34839320811296e-17	0.000376417598445213	1.68291651123547e-16	0.00706654513178815
Parasporobacterium	0.3681377939153	0.833120020275237	0.933826062019837	-0.926016182592451	-0.516114878171856	0.609557611823514	0.38945053630376	0.95715275797217	0.652519370821808	0.385162821424822	0.431542191990451	0.599530808018811	0.561894527554931	0.978654398565971	0.571851420395395	0.986654107854167	0.950292228721216	0.580245289419212	0.970872281630505	0.889874057364598	-0.000772582729161905	-0.000326467636646074	0.0116726329067227	-0.0251368097174389
Parasutterella	0.00160097331421768	2.53576639991344	1.9922315559362	3.68898781024665	-0.268939310979593	0.789817365624964	0.00254144726241386	0.579300102181361	0.467045280137047	0.00155677583099076	0.99046386217382	0.0279351734474989	0.00884347164044049	0.988148431745817	0.0184254926525005	0.986654107854167	0.879031833357923	0.011286624774683	0.99046386217382	0.810120029977469	-0.00159523243401111	0.00490756909295894	-0.0438103568056898	0.000529112582436108
Peptococcus	0.151231923694847	0.863067621233539	1.09137877498187	-1.50680134620857	-0.993153656556973	0.32857854062247	0.144464370965544	0.638081305537312	0.0488077210079672	0.165656354547212	0.840087915834712	0.77330873216798	0.358018431604128	0.847002460271256	0.356550362383045	0.986654107854167	0.867856616422247	0.362568625046727	0.99046386217382	0.95089300774671	0.0030626992094607	0.0037914847433587	0.00122505050927358	-0.00905197373552637
Phocaeicola	0.549048811500968	0.226914382297802	0.277662845212737	-0.612971455082861	0.238461234404757	0.813144759390714	0.535860924838953	0.678824645103907	0.078251988852299	0.539911324698809	0.940111288100297	0.113680515453182	0.73206508200129	0.988148431745817	0.717499454067799	0.986654107854167	0.867856616422247	0.71170129164843	0.99046386217382	0.889874057364598	0.00437569107362942	-0.00176875567032291	0.0145376771998895	0.00171156170910345
Prevotella	3.25723189947334e-07	2.83933143394889	3.57695873781502	-6.14417012833304	-2.36679529913899	0.0245940726695768	0.000396026854508533	0.634459091623416	0.801643935961285	0.000411498296880761	0.856310323045665	0.951069196912954	1.88919450169454e-05	0.658536675838397	0.00459391151229898	0.986654107854167	0.991920203167338	0.00441589019341215	0.99046386217382	0.981375704524128	0.00486882584177591	-0.00474844151008802	0.00580154046162746	-0.00957867963726699
Propionibacterium	0.691753078522128	0.142322952881118	0.10814430038184	0.403584631596733	0.186923103979942	0.852979321606351	0.694698700040175	0.499026473702161	0.05762093483075	0.702749770307113	0.829749350608338	0.172192468313206	0.835868303214237	0.988148431745817	0.847527697549945	0.986654107854167	0.867856616422247	0.858094456375002	0.99046386217382	0.889874057364598	0.000819173342717856	0.003078247073581	-0.0187253193934834	0.00530860961858816
Pseudoflavonifractor	0.170598278865138	2.55357383868082	2.66292566108225	-1.44846810857231	-1.31816640272912	0.197424540340382	0.128621802999792	0.703411553545845	0.467802415589508	0.130125944666062	0.568778211634242	0.837321655717222	0.380565391314539	0.658536675838397	0.331558425510575	0.986654107854167	0.879031833357923	0.3281436865492	0.984750336560777	0.977585128210872	-0.00218660872395743	0.00140917312079494	0.00668744246859028	-0.0112075850818869
Pseudomonas	0.0144571427134212	0.369199401097027	0.139986965867746	2.58420086675234	0.0555269642540969	0.956086810181098	0.0810234191515101	0.908338342791912	0.560133834388121	0.0703006336812383	0.160983256619117	0.250088596822589	0.0621121686946986	0.988148431745817	0.257994974255968	0.986654107854167	0.948901034178095	0.247117379000716	0.666930634564913	0.889874057364598	0.00212942774212487	-0.000773438917977144	0.0193748889152673	-0.0485359047065456
Rikenella	0.00237562833963871	1.265760029474	0.820895473836749	3.64600156273667	-0.0345093042045835	0.972699616461099	0.000640471806851742	0.089163710243584	0.461520227125793	0.000622066037188015	0.459528132585662	0.0787616532866745	0.0122355780825398	0.988148431745817	0.00571497919960016	0.689532692550383	0.879031833357923	0.00562155194455181	0.970872281630505	0.889874057364598	-0.0107405181482563	0.0108841463566086	-0.0441413815616513	0.0245767066925487
Robinsoniella	0.300878293637109	1.30973752845832	1.42558462333926	-1.07538273381843	-0.0480222841300673	0.9620167636086	0.223864039835661	0.0231694956401545	0.130928132955339	0.243174964375896	0.0555381399362628	0.547912243175862	0.498598315170067	0.988148431745817	0.418842397111882	0.689532692550383	0.867856616422247	0.433973782578523	0.607255085723443	0.889874057364598	-0.0124104794772471	0.0115689655970351	-0.0470947304346273	0.0532410566897363
Roseburia	0.659494428298216	1.67603595544697	1.75617590082967	-0.448245997206374	-1.1757458349537	0.248943092037777	0.690198874609035	0.998506374682657	0.943783697130661	0.688417175094612	0.860932979428757	0.512279552545073	0.813844188112692	0.740446119907235	0.847527697549945	0.998506374682657	0.991920203167338	0.849536088414628	0.99046386217382	0.889874057364598	-0.000264876027814765	-1.96203486602612e-05	-0.00837195161486885	-0.00964882668839271
Rothia	0.0303823179894328	0.341424686448354	0.107024048895999	2.31649291088832	-0.466620416250278	0.64414242841448	0.0685304590195735	0.893443138032001	0.814916480722449	0.0651310824286558	0.351285364347537	0.666396523798583	0.112658698340098	0.978654398565971	0.248422913945954	0.986654107854167	0.991920203167338	0.243716308442712	0.925056110985446	0.898860427449251	0.000140708393891384	-0.000879835401781407	0.0305449477100653	-0.0321247618213174
Ruminococcus	0.0240927492145741	2.7118963957603	2.89542641821494	-2.51086608767337	-0.507112839859331	0.615783244821699	0.0163074180809579	0.522551951804092	0.323917042050529	0.0136284407679832	0.50599789824591	0.0769705233685501	0.0931586302963533	0.978654398565971	0.0953950340522161	0.986654107854167	0.867856616422247	0.0832052173203185	0.970872281630505	0.889874057364598	-0.00347587746325872	0.00245904400772995	-0.0252416964625377	0.0131384222644893
Ruminococcus2	0.394943520095562	1.58510294948188	1.70166642325262	-0.872119741369985	-0.0113845764604298	0.990991991353986	0.437132811250673	0.54162487191622	0.682768817381936	0.433178960247207	0.859095850775554	0.281784918272803	0.584506138718225	0.990991991353986	0.622194579255912	0.986654107854167	0.950292228721216	0.621692308904505	0.99046386217382	0.889874057364598	0.00514704261969587	-0.00477054390931006	0.0245926593083878	-0.00725439159544114
Saccharibacteria_genera_incertae_sedis	0.314612540636609	1.25395758201841	1.0577335882618	1.04800071176724	-0.798040547624921	0.431119085325531	0.238041321728335	0.603866600807197	0.372976395653106	0.198976926435204	0.00719888944929393	0.523996804167107	0.50622884309822	0.893032391031457	0.424812204930568	0.986654107854167	0.874655021680113	0.391208872313283	0.278357058706032	0.889874057364598	-0.000757080296544714	0.00446919074057836	-0.0769412049130921	0.117607930618172
Saccharofermentans	0.0343654220406933	0.834419826900205	0.575256363042914	2.32427359101911	0.423524065554622	0.674934067976532	0.0180921616305927	0.0325496192072102	0.107667750515841	0.026210061023165	0.358570138471939	0.289927026650647	0.120799665355164	0.978654398565971	0.0953950340522161	0.689532692550383	0.867856616422247	0.126965303082092	0.925056110985446	0.889874057364598	0.0134459990077215	-0.0121459690857807	0.035918672164349	-0.0287185230924517
Sarcina	0.000258719404589264	1.43874421605311	0.465651133633223	4.60702585864108	1.35993038977517	0.183985124651169	7.4875239333562e-05	0.0629771265035853	0.456604043994131	8.28207839772469e-05	0.0842210115336043	0.499727117181472	0.00216058012716111	0.658536675838397	0.00144758796044886	0.689532692550383	0.879031833357923	0.00120311476434606	0.607255085723443	0.889874057364598	-0.0213340910499345	0.0219044383889633	-0.0991236385046099	0.107982279645575
Shuttleworthia	0.489815357890947	0.628361094970228	0.730456479896589	-0.70912477057691	-1.33912240744842	0.19058942307117	0.461704043973091	0.851553492654215	0.153228183067832	0.473813549901541	0.9247078316317	0.925042450169308	0.684561223076504	0.658536675838397	0.634633822255362	0.986654107854167	0.867856616422247	0.654313949864033	0.99046386217382	0.981375704524128	-0.00285752610393953	-0.001349993630296	-0.00437678719935385	0.00370310082926545
Sphingomonas	0.0851068749526805	0.352053839431474	0.14711078235615	1.79147727812604	-0.952285768001809	0.348562130326284	0.178648992278025	0.393458876433536	0.991428023342938	0.161736770579458	0.098385664347719	0.289940219104175	0.259799934066077	0.860281002507425	0.370058626861624	0.986654107854167	0.995521652727375	0.362568625046727	0.607255085723443	0.889874057364598	0.00558771768956658	-0.0067369748202384	0.0321131133328096	-0.0671190144532491
Sporacetigenium	0.163582034279965	1.44771666301199	1.27941265891475	1.44481904984282	1.47496998252724	0.150639086344392	0.22859359553436	0.261518100525389	0.484614823828403	0.22875074304512	0.202831650001285	0.765159745802859	0.379510319529519	0.658536675838397	0.420902493364853	0.986654107854167	0.879031833357923	0.421191844337047	0.684054552791139	0.95089300774671	-0.00481948294016601	0.00818022483850544	-0.0419131498832311	0.0491789229612586
Sporanaerobacter	0.68929695895902	0.25166710368069	0.287165088159343	-0.406228051389742	-1.87565735404062	0.0704641307802027	0.70373972526991	0.730232082740802	0.0188691653061723	0.723009599842412	0.634092446581137	0.749112313343285	0.835868303214237	0.658536675838397	0.847527697549945	0.986654107854167	0.867856616422247	0.860316429534365	0.99046386217382	0.95089300774671	-0.00312481805621445	-0.00167939822194022	-0.0137094918223542	0.013157895782969
Sporobacter	0.942540240281494	1.83791830433495	1.84238112373931	-0.0729844731906309	-0.313435234751407	0.75611894555616	0.951379553515043	0.576753477439456	0.73048654891503	0.949515010171875	0.101479309435802	0.432580372963949	0.950736242370898	0.988148431745817	0.959652419197782	0.986654107854167	0.991920203167338	0.95777166243424	0.607255085723443	0.889874057364598	0.00226224659063248	-0.0021361165798257	0.0177610964467221	-0.032416684899393
Staphylococcus	0.517255340484577	0.0790019489663933	0.144299532455898	-0.666295429943678	0.223088012492294	0.824979067344142	0.44027520290481	0.0562172746971176	0.904109228998003	0.444831565854086	0.121051611636617	0.465435347572696	0.699475884950411	0.988148431745817	0.622194579255912	0.689532692550383	0.991920203167338	0.621692308904505	0.607255085723443	0.889874057364598	0.00729749676994529	-0.00860490390106454	0.0352486054832794	-0.0369953368429032
Stenotrophomonas	0.000395063875939375	0.280730349680189	0	3.9718039902558	-1.40548525329305	0.170149167671757	0.0354372976709068	0.640784884355106	0.314169461889516	0.0383222517103226	0.961024956017592	0.932189038341455	0.00269572997699809	0.658536675838397	0.158104866531738	0.986654107854167	0.867856616422247	0.166827360284388	0.99046386217382	0.981375704524128	-2.50620744277265e-16	-0.00315930111177179	-4.55016305840267e-16	0.00177497336413296
Streptococcus	0.334861659035675	0.306800425286708	0.19585408047909	0.996393983904407	-0.200593779240907	0.842369952897672	0.329844767372454	0.575624781068848	0.41381616893718	0.298785399557735	0.0577915747655914	0.115480730093938	0.524918276326193	0.988148431745817	0.531416569655621	0.986654107854167	0.874655021680113	0.503827420491184	0.607255085723443	0.889874057364598	0.000888265479402604	-0.00331192115065762	0.022530308805698	-0.056834748302532
Sutterella	0.292625678956354	0.517967048526857	0.91341270384435	-1.1020477840008	-1.69694731464296	0.100059918647046	0.175233195768881	0.0649306495558494	0.674948444174559	0.178648165301774	0.10150704175943	0.583819875838532	0.498598315170067	0.658536675838397	0.370058626861624	0.689532692550383	0.950292228721216	0.370056913839388	0.607255085723443	0.889874057364598	0.0258172244671915	-0.0283956843775908	0.0814679425150828	-0.13359442625004
Syntrophococcus	0.277810496726265	0.73234889649808	0.90161510824097	-1.12035549583682	1.14262951417915	0.262229842177619	0.304870190589136	0.456233428951883	0.158593714357256	0.317329041050876	0.515129861273107	0.714242386109545	0.497610839572387	0.760466542315094	0.518847329774421	0.986654107854167	0.867856616422247	0.519148514876938	0.970872281630505	0.92057907543008	-0.00991600349760976	0.00639278866195041	-0.0301062419356583	0.0302733883031241
Tannerella	0.766335047596114	2.69975286664772	2.71265783043859	-0.30235965119271	-1.63008138638133	0.113540747317055	0.76374073578889	0.104892051172035	0.219850459904095	0.773612542398101	0.889409679381203	0.397293904865422	0.856178162852235	0.658536675838397	0.86794540651249	0.730203184950094	0.867856616422247	0.871252960370677	0.99046386217382	0.889874057364598	0.00199215488362704	-0.00369540937797442	-0.00324929619051866	-0.00172000215405879
Turicibacter	0.201507571556303	1.70473515629766	1.44048060823894	1.34120199993276	3.28700483217415	0.00258530622699574	0.164145889968948	0.214018313729413	0.786540856016928	0.147455469923299	0.0299080433523113	0.913358498955126	0.417408541080913	0.299895522331506	0.365754738441146	0.919486088615258	0.991920203167338	0.356350718981305	0.607255085723443	0.981375704524128	-0.0111379955284292	0.0122839542429311	-0.0812934806107287	0.11120416895225
Vampirovibrio	0.398068835851205	0.136370283280187	0.208842542775133	-0.870534060151151	0.302444392827219	0.764400394444766	0.359096836658168	0.119771279305645	0.0815174190429852	0.377970545034895	0.390707776464099	0.20925085306602	0.584506138718225	0.988148431745817	0.558447597942252	0.730203184950094	0.867856616422247	0.580245289419212	0.964300044039054	0.889874057364598	-0.00257468031360272	0.00648376252821621	-0.00227047867171329	0.0194566408301635
Victivallis	1.05668995963881e-06	0.660323205960451	0.102987434856504	5.79309226615375	0.708654071695445	0.484009894961133	0.000613948791010713	0.697208043929879	0.404409671695738	0.000630001511027358	0.955698787645057	0.41594840612175	4.08586784393672e-05	0.965110833786981	0.00571497919960016	0.986654107854167	0.874655021680113	0.00562155194455181	0.99046386217382	0.889874057364598	0.00501379752353423	-0.00305259563495215	0.0163876704231924	-0.0023069434649374
Xylanibacter	0.601725168067872	1.71054759162266	1.74936703874234	-0.530560792578288	1.39991167219124	0.17179671628987	0.652195454523037	0.868613011254748	0.418014747434872	0.646334146482091	0.952969904413269	0.154535842356197	0.77555688328748	0.658536675838397	0.822614410281967	0.986654107854167	0.874655021680113	0.824053045254617	0.99046386217382	0.889874057364598	0.000775960160114437	0.000742617818967559	-0.0134890297025916	-0.00137437951463165
