Name	SugarVsControl	meanSugar	meanControl	tStatistic	tValueSugar	WithinSugar	SugarVsControl_BW	BodyWeightInteraction	BodyWeight	SugarVsControl_FoodIntake	FoodIntakeInteraction	FoodIntake	SugarVsControl_Adj	WithinSugar_Adj	SugarVsControl_BW_Adj	BodyWeightInteraction_Adj	BodyWeight_Adj	SugarVsControl_FoodIntake_Adj	FoodIntakeInteraction_Adj	FoodIntake_Adj	BodyWeightSugarEstimate	BodyWeightSugarInteractionEstimate	FoodIntakeSugarEstimate	FoodIntakeSugarInteractionEstimate
Actinobacteria	4.64580946355213e-05	2.27881721542522	1.72401775259239	4.70634930689029	1.20573581839201	0.237343384429389	0.00190556610220283	0.218338178350303	0.761420127083137	0.00149914970322139	0.0727514906071835	0.572167226111887	0.000263262536267954	0.777996284866158	0.00809865593436201	0.955094142909753	0.874494318522631	0.0063713862386909	0.404092843302552	0.694774488850148	-0.00794752443247588	0.0108611419407072	-0.0510554900518342	0.0825248036984555
Alphaproteobacteria	0.0650871484264042	2.37116511904524	2.12846414672268	2.01474831763789	0.310179609663933	0.758568998499938	0.0284999253397355	0.959972188774579	0.0769161920273734	0.0286519704849428	0.389085125876874	0.124666675591861	0.122942391472097	0.805979560906184	0.0692141043965005	0.959972188774579	0.694151299384842	0.069583356892004	0.661444713990686	0.524761787712413	0.00407745890613242	-0.000280998469834387	-0.000673996106393779	-0.0256411485292305
Bacilli	0.000388042661024855	2.78001975625594	2.37127572465562	4.4759059820486	1.8607357722935	0.072608543585067	0.000141132893373933	0.77687225355155	0.792858819902918	7.73922434652517e-05	0.0950806690123652	0.355691140328941	0.00164918130935563	0.61717262047307	0.00119962959367843	0.955094142909753	0.874494318522631	0.00065783406945464	0.404092843302552	0.528777656244353	-0.000679480043354334	0.00143863267884955	-0.022486813154777	0.0435693019908321
Bacteroidia	0.830511576915812	4.1267649949233	4.11892410686717	0.217393134874684	0.605845897887511	0.549173848140818	0.839162761288477	0.359141857714526	0.233294691877957	0.843691768848474	0.861115923674789	0.868103716637152	0.830511576915812	0.777996284866158	0.839162761288477	0.955094142909753	0.694151299384842	0.843691768848474	0.914935668904463	0.868103716637152	0.00245479516618095	-0.00185851339652096	0.00222965115954554	-0.00191895783205328
Betaproteobacteria	0.018329786255104	2.57701527417299	2.18390624539873	2.60551726964012	-0.377225370147178	0.708661577294236	0.0220766652712036	0.842730126096841	0.285827005629053	0.0186520500792767	0.743248417762483	0.0702282761017718	0.0519343943894615	0.805979560906184	0.0625505516017437	0.955094142909753	0.694151299384842	0.0528474752246173	0.875144322025453	0.524761787712413	0.00495393675702419	-0.001716902828111	-0.0245450169836398	-0.0145567015811239
Clostridia	0.123246872952211	4.07775218916724	4.13428326960041	-1.6203716392278	-0.622534745033736	0.538293875870003	0.136130174958858	0.554042139331555	0.0883297927135964	0.151960949492598	0.702234012474812	0.851881949953746	0.174599736682298	0.777996284866158	0.178016382638507	0.955094142909753	0.694151299384842	0.19871816472109	0.875144322025453	0.868103716637152	-0.00224256766924028	0.00115666970593622	-0.00222363917384837	0.00410845172748574
Cytophagia	0.70117158241617	0.351309413015462	0.38678979575716	-0.390591125993138	-0.80266254527427	0.428483171175062	0.715232193772995	0.938057638195485	0.380207161219775	0.710786921727497	0.772186166493047	0.166493542201043	0.794661126738326	0.777996284866158	0.810596486276061	0.959972188774579	0.71816908230402	0.805558511291163	0.875144322025453	0.524761787712413	-0.00137569922733118	-0.000394041104270665	0.0102141430728983	0.00763864988677294
Deferribacteres	0.0179619313892642	1.27604728346122	1.76980679021352	-2.680070984243	-0.36696363699986	0.716221981144772	0.00818941836243813	0.447676742016159	0.460624591759205	0.00729371019362849	0.301729954006617	0.256823500591485	0.0519343943894615	0.805979560906184	0.0278440224322896	0.955094142909753	0.783061805990649	0.0247986146583369	0.599804947460648	0.528777656244353	-0.00845997771580387	0.00708492644275928	-0.0139364933788772	0.0502891188315855
Deltaproteobacteria	0.509572770231293	1.90109199018158	1.99645886921123	-0.678292564900084	-0.214251659205515	0.831800451590369	0.45044121912647	0.30163873014507	0.275586435628486	0.452282829083162	0.317543795714461	0.332111905633276	0.618766935280856	0.831800451590369	0.546964337510714	0.955094142909753	0.694151299384842	0.549200578172411	0.599804947460648	0.528777656244353	-0.00838108068346522	0.00683410970579277	-0.0116867893929357	0.0350833014365433
Erysipelotrichia	0.164930692632674	1.7369480739196	1.44778781108951	1.47357414321249	3.49429244850654	0.00149935101232068	0.104590236650398	0.218267272667235	0.823053476256594	0.0870391130277498	0.0180998503887386	0.736807272762117	0.215678598058112	0.0254889672094515	0.177803402305677	0.955094142909753	0.874494318522631	0.147966492147175	0.307697456608557	0.835048242463733	-0.0101456636422893	0.0113607662988771	-0.0777115020106176	0.112168343932428
Flavobacteriia	0.0925046982836449	1.13737737132242	0.84241930074724	1.79788389660702	0.95617408910012	0.346626565236563	0.0793842058643413	0.712390252862844	0.240909387617348	0.0760652086028772	0.227026054083983	0.328070336607561	0.14296180643836	0.777996284866158	0.149947944410423	0.955094142909753	0.694151299384842	0.14367872736099	0.551348988489672	0.528777656244353	-0.00648359633321904	0.00317142519045463	-0.0602819890587328	0.054779922291255
Gammaproteobacteria	1.04901110769321e-08	1.64546605284812	0.615187884606068	8.17022419604343	-1.59467379312848	0.121267715280068	3.84026359470314e-07	0.627200049574078	0.810256401731812	1.30353019167861e-07	0.189015555804492	0.0958526377938573	1.78331888307846e-07	0.687183719920383	6.52844811099533e-06	0.955094142909753	0.874494318522631	2.21600132585364e-06	0.535544074779395	0.524761787712413	0.00435158642220438	-0.00429823548947658	0.0117897937574869	-0.0587705905429637
Lentisphaeria	1.15576053876895e-06	0.660084556437303	0.103319349421986	5.77185977742044	0.724481905202016	0.474382677622647	0.000599905545641322	0.701184436724751	0.369458927243663	0.000613343497812738	0.951458553213943	0.373254816172485	9.82396457953605e-06	0.777996284866158	0.00339946475863416	0.955094142909753	0.71816908230402	0.00347561315427218	0.951458553213943	0.528777656244353	0.0051554398891626	-0.00300089256113824	0.0178907791043476	-0.00251918315273346
Mollicutes	0.775110572446775	0.8211868675184	0.858617567596671	-0.290115764772385	0.756389576827472	0.455314841015292	0.796567076387034	0.649481463300981	0.702652838292854	0.783487238228689	0.0598369204493316	0.185210042722028	0.823554983224698	0.777996284866158	0.839162761288477	0.955094142909753	0.874494318522631	0.832455190617982	0.404092843302552	0.524761787712413	-0.00174190515555762	0.00344679950935375	-0.0326868365501567	0.0723780366653077
Negativicutes	0.0219223391041468	0.919043551035411	0.761810442136894	2.43521779418817	1.11832010269973	0.272305672034331	0.0754334577640454	0.692426146954472	0.627793251054104	0.0642501356408057	0.135752686379283	0.240147594877538	0.0532399663957852	0.777996284866158	0.149947944410423	0.955094142909753	0.874494318522631	0.136531538236712	0.461559133689563	0.528777656244353	-0.00064111032240845	0.00178924072342923	-0.0143548731321735	0.0346834310146297
Sphingobacteriia	0.0836935827013052	0.147661797908654	0.0444449692113872	1.81320737790754	-0.458093471487043	0.650186315643254	0.127182213704908	0.109500185376137	0.142806170168367	0.147278211772653	0.58725277525492	0.568120262400858	0.142279090592219	0.805979560906184	0.178016382638507	0.955094142909753	0.694151299384842	0.19871816472109	0.875144322025453	0.694774488850148	-0.00270247005318263	0.00566050277041534	-0.00313735476996069	0.0105361403765809
Verrucomicrobiae	0.0317336484144757	0.286276114681561	0.085618304077962	2.25048226638019	-0.795715729654981	0.432448650170907	0.120178213093511	0.799856804183087	0.89499952015602	0.111408475298246	0.720281756666057	0.176655371810763	0.0674340028807608	0.777996284866158	0.178016382638507	0.955094142909753	0.89499952015602	0.172176734551834	0.875144322025453	0.524761787712413	-0.0010539882188182	0.00168166720854356	-0.010978021518499	-0.0122513370732896
