Rat ID	Group	24h Food intake (kcal)	24h Food intake (kcal)	24h Food intake (kcal)	24h Food intake (kcal)	24h Food intake (kcal)	24h Food intake (kcal)	24h Food intake (kcal)	24h Food intake (kcal)	24h Food intake (kcal)	24h Food intake (kcal)	24h Food intake (kcal)	24h Food intake (kcal)	24h Food intake (kcal)	24h Food intake (kcal)	24h Food intake (kcal)	24h Food intake (kcal)
J401	35F:65G	29.232	38.472	37.8	46.704	48.552	48.72	42.672	43.008	47.04	48	39.816	45.192	47.04	41.328	39.648	36.288
J402	65F:35G	30.016	37.632	41.664	52.08	48.72	48.72	44.688	44.352	44.184	42.56	39.816	43.68	41.104	40.32	36.456	32.368
J403	Control	44.352	47.544	53.76	60.368	68.04	66.864	68.992	72.912	80.136	75.376	72.408	75.6	81.088	78.792	78.456	73.36
J404	50F:50G	31.472	37.632	36.12	46.928	45.024	49.728	48.048	46.536	44.184	53.424	35.112	46.368	46.48	46.032	45.528	39.312
J405	65F:35G	41.44	37.632	38.304	50.96	52.584	46.536	46.256	45.528	51.576	79.072	40.488	42.504	51.296	48.552	37.464	35.616
J406	50F:50G	31.36	38.304	34.104	50.4	52.752	54.6	51.408	50.232	54.432		47.712	49.896	55.216	56.952	52.752	44.576
J407	Control	44.8	52.248	47.376	61.152	67.368	66.528	75.376	65.184	74.088	76.496	78.96	67.368	75.6	79.464	73.248	67.536
J408	35F:65G	32.368	37.632	34.272	41.104	50.4	45.696	40.768	40.152	43.512	50.288	46.872	52.416	53.424	43.848	37.296	39.984
J409	35F:65G	36.288	42.84	40.992	57.456	50.4	57.792	51.856	39.816	46.2	40.768	44.856	51.576	48.944	2.352	48.048	43.792
J410	Control	47.152	50.064	48.216	57.456	61.488	64.512	67.648	60.816	74.424	75	71.568	77.28	79.52	64.512	82.488	74.368
J411	50F:50G	28	34.104	28.224	46.816	53.256	52.584	45.696	42.168	45.528	37.968	37.968	41.832	44.128	37.968	40.32	36.736
J412	65F:35G	36.736	37.8	36.12	43.008	48.048	48.72	43.456	48.048	48.216	54.208	43.512	45.864	51.968	47.544	43.512	41.664
J413	50F:50G	40.656	40.488	37.968	55.104	64.008	58.8	52.752	52.416	55.272	58.688	51.072	51.072	53.536	48.216	50.568	46.144
J414	35F:65G	27.44	44.856	40.488	49.616	48.048	53.76	50.4	49.224	51.576	54.096	48.384	52.752	67.536	48.384	47.712	44.912
J415	65F:35G	44.352	44.688	40.152	51.408	48.72	52.248	54.544	35.616	51.576	20.384	41.664	43.008	57.456	46.368	39.312	35.28
J416	Control	38.192	59.304	51.24	64.96	69.888	69.552	74.48	73.752	74.256	77.28	76.776	80.64	80.976	86.52	78.288	75.04
J417	Control	46.592	50.4	52.08	64.288	68.376	72.576	68.32		77.952	74.144	74.424	80.808	86.576	86.856	79.296	73.248
J418	65F:35G	30.24	37.296	42.84	46.48	55.944	49.56	47.936	44.688	50.064	47.712	52.248	43.68	52.08	47.208	54.936	38.976
J419	35F:65G	32.144	38.808	40.656	47.264	46.536	50.064	44.24	42.84	48.552		40.824	55.44	56.56	51.408	49.224	38.864
J420	50F:50G	19.376	48.384	39.312	50.512	52.752	51.744	47.264	41.832	50.232		42	42.336	53.984	47.208	49.392	41.552
J421	65F:35G	37.632	41.496	36.456	46.48	54.6	45.696	43.232	40.824	46.872	45.136	43.848	45.528	53.648	49.56	47.376	44.352
J422	50F:50G	22.288	32.928	27.384	56.784	45.192	45.696	45.248	39.648	46.704	35.84	31.92	45.696	42.896	38.808	43.512	37.408
J423	Control	56.672	55.608	58.128	71.68	72.576	76.272	81.648	77.448	84.336	76.944	82.32	86.856	93.296		85.512	80.752
J424	35F:65G	35.952	44.52	38.472	44.912	47.376	45.696	48.72	46.704	54.936	48.16	53.928	48.888	47.04	52.248	42.336	36.176
J425	35F:65G	33.488	34.272	35.28	43.12	45.864	47.208	45.136	44.184	45.36		46.032	42.84	52.528	47.208	47.376	36.176
J426	Control	52.192	48.216	55.944	65.072	67.536	68.88	66.864	72.912	75.768	84.336	75.936	69.384	77.168	58.632	106.176	73.472
J427	50F:50G	35.28	44.688	43.008	52.08	55.104	52.584	51.184	50.4	54.432	64.848	50.232	51.072	57.568	46.872	51.744	39.76
J428	65F:35G	47.936	43.344	43.008	55.664	61.152	56.28	57.568	55.944	55.272	58.24	60.984	56.616	64.288	70.896	65.856	57.232
J429	50F:50G	34.832	37.632	43.512	49.392	49.392	55.44	49.616	42.168	54.432	50.4	49.056	57.456	55.328	56.616	47.712	43.792
J430	35F:65G	29.12	22.344	26.712	41.216	44.688	39.816	43.12	39.312	44.184	68.32	43.344	48.384	44.24	42.504	43.512	37.408
J431	65F:35G	47.152	23.184	37.464	50.96	49.728	47.712	50.288	46.368	47.88	46.256	50.736	46.536	53.312	48.552	50.904	42.896
J432	Control	45.136	47.544	51.744	62.944	65.856	67.704	74.368	75.264	82.152	77.616	82.656	84	87.248	69.552	74.256	89.712
J433	Control	47.152	49.56	49.56	61.712	61.656	68.376	66.976	74.592	75.768		72.408	75.6	81.872	88.872	79.464	74.368
J434	65F:35G	35.728	40.992	48.048	50.736	56.616	53.424	55.888	51.576	54.264	45.472	51.744	61.992	55.216	52.08	53.424	41.664
J435	35F:65G	32.48	35.952	36.792	49.392	53.424	53.088	53.536	50.232	61.488		50.736	57.288	48.048	43.512	45.864	47.824
J436	50F:50G	37.072	35.784	37.464	40.32	42.336	38.64	39.2	40.824	46.2	46.704	41.664	47.712	42	24.36	38.64	46.816
J437	50F:50G	28.784	40.992	34.944	48.496	58.296	51.072	46.816	45.864	46.2	38.304	41.832	45.024	51.184	44.52	43.176	35.28
J438	65F:35G	32.032	30.408	35.616	48.272	53.928	55.44	50.624	48.552	55.944	62.72	38.64	44.52	48.272	47.376	47.712	44.464
J439	35F:65G	35.728	34.608	46.2	52.08	52.248	52.248	47.824	55.608	54.768	58.128	56.784	51.408	56.672	57.456	55.608	47.04
J440	Control	45.024	52.92	54.264	67.2	70.224	72.072	78.176	79.968	86.352		79.464	86.688	88.816	88.032	81.984	82.768
J441	35F:65G	39.984	38.472	38.976	45.136	53.256	53.088	52.864	44.856	50.4		54.264	61.992	37.52	44.688	42.336	36.96
J442	65F:35G	40.32	45.36	47.712	58.016	55.104	58.8	53.984	52.08	54.264	50.512	50.4	50.232	45.92	50.568	49.728	39.312
