Rat ID	Group	24h Sugar Intake (kcal)	24h Sugar Intake (kcal)	24h Sugar Intake (kcal)	24h Sugar Intake (kcal)	24h Sugar Intake (kcal)	24h Sugar Intake (kcal)	24h Sugar Intake (kcal)	24h Sugar Intake (kcal)	24h Sugar Intake (kcal)	24h Sugar Intake (kcal)	24h Sugar Intake (kcal)	24h Sugar Intake (kcal)	24h Sugar Intake (kcal)	24h Sugar Intake (kcal)	24h Sugar Intake (kcal)	24h Sugar Intake (kcal)
J401	35F:65G	19.0957	19.98895	19.8897	15.9991	16.77325	17.9444	23.7009	23.56195	24.9316	31.4027	32.33565	26.89675	36.27256667	37.5165	33.348	40.5337
J402	65F:35G	20.97483333	18.08335	21.49755	28.99423333	24.7728	29.15965	34.98893333	30.23155	35.23375	40.12346667	42.61795	22.3511	43.4318	16.61445	31.06525	40.79836667
J403	Control	0	0	0	0	0	0	0	0	0	0	0	0	0	0	0	0
J404	50F:50G	14.4905	14.2523	17.52755	25.47416667	26.18215	26.2814	34.79043333	31.93865	37.6753	38.1517	34.51915	24.0185	39.43533333	28.2664	34.3802	43.16713333
J405	65F:35G	8.919266667	18.3017	18.3414	15.7609	22.49005	21.0013	24.2964	32.85175	29.04055	38.53546667	35.4918	30.82705	32.05113333	36.6431	38.44945	42.80983333
J406	50F:50G	15.21833333	18.5796	20.3661	17.57386667	17.468	16.7534	20.9616	19.55225	14.58975	20.41903333	22.0732	23.5024	22.0335	21.0807	21.10055	24.19053333
J407	Control	0	0	0	0	0	0	0	0	0	0	0	0	0	0	0	0
J408	35F:65G	14.4905	17.56725	21.77545	27.49886667	25.98365	26.77765	30.2911	40.19625	30.2117	39.25006667	39.303	18.87735	34.90953333	43	45.07935	45.6947
J409	35F:65G	19.74413333	21.2395	32.81205	28.68986667	39.36255	31.18435	35.91526667	55.1433	44.0273	44.45076667	37.89365	22.629	42.14816667	30	29.7353	45.4962
J410	Control	0	0	0	0	0	0	0	0	0	0	0	0	0	0	0	0
J411	50F:50G	17.7856	25.2889	29.00085	25.4874	18.9766	20.62415	29.19273333	30.7278	37.9135	34.35373333	29.9338	30.1323	41.89673333	49.0692	37.3577	48.53986667
J412	65F:35G	26.85043333	20.74325	25.30875	34.52576667	36.4843	29.51695	35.8094	28.16715	35.90865	40.891	44.9007	46.1314	42.45253333	54.60735	47.4812	44.71543333
J413	50F:50G	10.14996667	15.8403	17.071	50.1411	17.13055	20.2867	31.61443333	34.28095	34.8566	39.4618	29.7353	29.35815	36.51076667	46.66735	25.46755	46.62103333
J414	35F:65G	19.78383333	13.1407	15.34405	25.59326667	25.6462	23.9391	28.05466667	25.7653	32.951	29.4574	30.90645	28.16715	24.54783333	37.0004	40.35505	41.7644
J415	65F:35G	10.33523333	10.77855	2.4614	20.3661	17.9047	21.5968	19.78383333	27.7106	27.2342	24.5743	36.62325	36.2461	23.5818	34.7772	35.31315	39.07803333
J416	Control	0	0	0	0	0	0	0	0	0	0	0	0	0	0	0	0
J417	Control	0	0	0	0	0	0	0	0	0	0	0	0	0	0	0	0
J418	65F:35G	23.8597	24.91175	22.5496	29.47063333	16.97175	22.5496	29.4574	33.1495	36.18655	28.65016667	17.88485	38.01275	40.79836667	43.05465	25.6859	37.715
J419	35F:65G	16.50196667	14.0141	15.1257	16.48873333	17.48785	18.40095	25.47416667	26.42035	30.86675	29.8941	26.49975	30.0132	29.56326667	31.5615	32.01805	32.68633333
J420	50F:50G	18.36786667	18.4605	17.44815	21.30566667	20.6043	25.11025	31.0851	39.48165	34.24125	39.2633	42.61795	42.7172	39.83233333	45.47635	26.34095	43.53766667
J421	65F:35G	11.84383333	12.04895	16.9122	37.49003333	23.4627	27.09525	27.80323333	30.62855	31.6012	38.83983333	33.7053	34.2214	33.6656	31.42255	22.232	24.2567
J422	50F:50G	24.7331	25.408	22.1526	14.98013333	31.38285	32.41505	34.76396667	52.7216	30.8866	46.7666	56.55265	49.7441	38.906		23.5024	45.90643333
J423	Control	0	0	0	0	0	0	0	0	0	0	0	0	0	0	0	0
J424	35F:65G	16.1976	18.28185	17.6665	23.9391	24.27655	24.39565	25.15656667	26.97615	25.14995	31.9188	29.775	30.4102	35.35946667	32.45475	33.32815	35.94173333
J425	35F:65G	14.74193333	20.26685	28.6634	53.70086667	40.5734	25.26905	31.9188	43.273	24.27655	46.9254	48.831	55.00435	44.464	40	35.4124	45.23153333
J426	Control	0	0	0	0	0	0	0	0	0	0	0	0	0	0	0	0
J427	50F:50G	15.89323333	16.3167	19.7706	20.0088	17.4283	19.7309	26.4799	27.9091	28.20685	30.91306667	32.01805	30.07275	30.30433333	37.3577	32.29595	37.62236667
J428	65F:35G	1.7071	11.37405	16.1976	9.382433333	12.72385	16.9122	16.40933333	20.30655	25.62635	23.44946667	20.5646	27.7503	25.99026667	19.7309	20.78295	23.44946667
J429	50F:50G	13.101	12.60475	11.41375	17.75913333	19.83015	16.45565	22.64223333	25.26905	19.5324	27.52533333	19.94925	17.3489	27.28713333	30.0132	31.2042	33.1495
J430	35F:65G	12.61136667	24.51475	27.80985	23.423	22.01365	28.04805	23.72736667	28.32595	36.127	32.157	33.05025	28.00835	40.95716667	43.80895	29.775	37.96643333
J431	65F:35G	9.9647	16.5152	16.89235	21.22626667	26.2814	26.5196	20.93513333	27.05555	30.4896	34.35373333	21.45785	25.58665	24.75956667	26.9563	25.6462	24.91836667
J432	Control	0	0	0	0	0	0	0	0	0	0	0	0	0	0	0	0
J433	Control	0	0	0	0	0	0	0	0	0	0	0	0	0	0	0	0
J434	65F:35G	16.1976	12.9422	11.1557	21.37183333	22.64885	27.8297	24.62723333	31.8394	37.318	41.7247	42.97525	22.05335	44.55663333	39.08465	32.8716	50.2999
J435	35F:65G	17.33566667	17.13055	18.7384	19.06923333	15.6021	18.3811	20.63076667	18.40095	17.468	32.951	24.23685	27.9091	37.54296667	40.35505	31.62105	32.84513333
J436	50F:50G	11.8703	19.98895	21.57695	26.69163333	28.6634	29.31845	38.5884	36.34535	31.2042	34.7375	26.10275	25.3286	23.7406	35.27345	37.3577	15.13893333
J437	50F:50G	29.378	23.1451	27.9488	27.65766667	10.93735	22.96645	34.03613333	32.97085	40.87115	44.464	45.7344	46.11155	42.86276667	44.28535	37.5959	48.53986667
J438	65F:35G	24.30963333	33.2289	37.97305	34.60516667	30.11245	23.24435	34.28756667	41.0498	28.44505	41.8835	54.9448	50.2999	45.0595	56.55265	38.37005	46.83276667
J439	35F:65G	16.17113333	18.83765	21.0807	24.66693333	27.5915	32.7525	35.51826667	33.48695	36.7622	19.54563333	29.19935	30.43005	36.4049	36.2461	34.1817	32.1967
J440	Control	0	0	0	0	0	0	0	0	0	0	0	0	0	0	0	0
J441	35F:65G	11.32773333	21.21965	21.25935	25.54033333	14.39125	13.8156	18.07673333	20.54475	47.62015	42.34666667	20.3264	30	44.53016667	51.61	41.1689	47.29593333
J442	65F:35G	14.06703333	7.7415	6.96735	9.858833333	21.77545	21.6365	22.629	28.96115	27.92895	21.58356667	29.5368	32.17685	38.1914	25.7256	21.8747	26.57253333
