Rat ID	Group	24h Total Kcal	24h Total Kcal	24h Total Kcal	24h Total Kcal	24h Total Kcal	24h Total Kcal	24h Total Kcal	24h Total Kcal	24h Total Kcal	24h Total Kcal	24h Total Kcal	24h Total Kcal	24h Total Kcal	24h Total Kcal	24h Total Kcal	24h Total Kcal
J401	35F:65G	48.3277	58.46095	57.6897	62.7031	65.32525	66.6644	66.3729	66.56995	71.9716	79.4027	72.15165	72.08875	83.31256667	78.8445	72.996	76.8217
J402	65F:35G	50.99083333	55.71535	63.16155	81.07423333	73.4928	77.87965	79.67693333	74.58355	79.41775	82.68346667	82.43395	66.0311	84.5358	56.93445	67.52125	73.16636667
J403	Control	44.352	47.544	53.76	60.368	68.04	66.864	68.992	72.912	80.136	75.376	72.408	75.6	81.088	78.792	78.456	73.36
J404	50F:50G	45.9625	51.8843	53.64755	72.40216667	71.20615	76.0094	82.83843333	78.47465	81.8593	82	69.63115	70.3865	85.91533333	74.2984	79.9082	82.47913333
J405	65F:35G	50.35926667	55.9337	56.6454	66.7209	75.07405	67.5373	70.5524	78.37975	80.61655	81	75.9798	73.33105	83.34713333	85.1951	75.91345	78.42583333
J406	50F:50G	46.57833333	56.8836	54.4701	67.97386667	70.22	71.3534	72.3696	69.78425	69.02175	70	69.7852	73.3984	77.2495	78.0327	73.85255	68.76653333
J407	Control	44.8	52.248	47.376	61.152	67.368	66.528	75.376	65.184	74.088	76.496	78.96	67.368	75.6	79.464	73.248	67.536
J408	35F:65G	46.8585	55.19925	56.04745	68.60286667	76.38365	72.47365	71.0591	80.34825	73.7237	89.53806667	86.175	71.29335	88.33353333	86.848	82.37535	85.6787
J409	35F:65G	56.03213333	64.0795	73.80405	86.14586667	89.76255	88.97635	87.77126667	94.9593	90.2273	85.21876667	82.74965	74.205	91.09216667	32.352	77.7833	89.2882
J410	Control	47.152	50.064	48.216	57.456	61.488	64.512	67.648	60.816	74.424	75	71.568	77.28	79.52	64.512	82.488	74.368
J411	50F:50G	45.7856	59.3929	57.22485	72.3034	72.2326	73.20815	74.88873333	72.8958	83.4415	72.32173333	67.9018	71.9643	86.02473333	87.0372	77.6777	85.27586667
J412	65F:35G	63.58643333	58.54325	61.42875	77.53376667	84.5323	78.23695	79.2654	76.21515	84.12465	95.099	88.4127	91.9954	94.42053333	102.15135	90.9932	86.37943333
J413	50F:50G	50.80596667	56.3283	55.039	105.2451	81.13855	79.0867	84.36643333	86.69695	90.1286	80	80.8073	80.43015	90.04676667	94.88335	76.03555	92.76503333
J414	35F:65G	47.22383333	57.9967	55.83205	75.20926667	73.6942	77.6991	78.45466667	74.9893	84.527	83.5534	79.29045	80.91915	92.08383333	85.3844	88.06705	86.6764
J415	65F:35G	54.68723333	55.46655	42.6134	71.7741	66.6247	73.8448	74.32783333	63.3266	78.8102	44.9583	78.28725	79.2541	81.0378	81.1452	74.62515	74.35803333
J416	Control	38.192	59.304	51.24	64.96	69.888	69.552	74.48	73.752	74.256	77.28	76.776	80.64	80.976	86.52	78.288	75.04
J417	Control	46.592	50.4	52.08	64.288	68.376	72.576	68.32		77.952	74.144	74.424	80.808	86.576	86.856	79.296	73.248
J418	65F:35G	54.0997	62.20775	65.3896	75.95063333	72.91575	72.1096	77.3934	77.8375	86.25055	76.36216667	70.13285	81.69275	92.87836667	90.26265	80.6219	76.691
J419	35F:65G	48.64596667	52.8221	55.7817	63.75273333	64.02385	68.46495	69.71416667	69.26035	79.41875		67.32375	85.4532	86.12326667	82.9695	81.24205	71.55033333
J420	50F:50G	37.74386667	66.8445	56.76015	71.81766667	73.3563	76.85425	78.3491	81.31365	84.47325		84.61795	85.0532	93.81633333	92.68435	75.73295	85.08966667
J421	65F:35G	49.47583333	53.54495	53.3682	83.97003333	78.0627	72.79125	71.03523333	71.45255	78.4732	83.97583333	77.5533	79.7494	87.3136	80.98255	69.608	68.6087
J422	50F:50G	47.0211	58.336	49.5366	71.76413333	76.57485	78.11105	80.01196667	92.3696	77.5906	82.6066	88.47265	95.4401	81.802	38.808	67.0144	83.31443333
J423	Control	56.672	55.608	58.128	71.68	72.576	76.272	81.648	77.448	84.336	76.944	82.32	86.856	93.296		85.512	80.752
J424	35F:65G	52.1496	62.80185	56.1385	68.8511	71.65255	70.09165	73.87656667	73.68015	80.08595	80.0788	83.703	79.2982	82.39946667	84.70275	75.66415	72.11773333
J425	35F:65G	48.22993333	54.53885	63.9434	96.82086667	86.4374	72.47705	77.0548	87.457	69.63655		94.863	97.84435	96.992	87.208	82.7884	81.40753333
J426	Control	52.192	48.216	55.944	65.072	67.536	68.88	66.864	72.912	75.768	84.336	75.936	69.384	77.168		106.176	73.472
J427	50F:50G	51.17323333	61.0047	62.7786	72.0888	72.5323	72.3149	77.6639	78.3091	82.63885	83	82.25005	81.14475	87.87233333	84.2297	84.03995	77.38236667
J428	65F:35G	49.6431	54.71805	59.2056	65.04643333	73.87585	73.1922	73.97733333	76.25055	80.89835	81.68946667	81.5486	84.3663	90.27826667	90.6269	86.63895	80.68146667
J429	50F:50G	47.933	50.23675	54.92575	67.15113333	69.22215	71.89565	72.25823333	67.43705	73.9644	77.92533333	69.00525	74.8049	82.61513333	86.6292	78.9162	76.9415
J430	35F:65G	41.73136667	46.85875	54.52185	64.639	66.70165	67.86405	66.84736667	67.63795	80.311	78	76.39425	76.39235	85.19716667	86.31295	73.287	75.37443333
J431	65F:35G	57.1167	39.6992	54.35635	72.18626667	76.0094	74.2316	71.22313333	73.42355	78.3696	80.60973333	72.19385	72.12265	78.07156667	75.5083	76.5502	67.81436667
J432	Control	45.136	47.544	51.744	62.944	65.856	67.704	74.368	75.264	82.152	77.616	82.656	84	87.248	69.552	74.256	89.712
J433	Control	47.152	49.56	49.56	61.712	61.656	68.376	66.976	74.592	75.768		72.408	75.6	81.872	88.872	79.464	74.368
J434	65F:35G	51.9256	53.9342	59.2037	72.10783333	79.26485	81.2537	80.51523333	83.4154	91.582	87.1967	94.71925	84.04535	99.77263333	91.16465	86.2956	91.9639
J435	35F:65G	49.81566667	53.08255	55.5304	68.46123333	69.0261	71.4691	74.16676667	68.63295	78.956		74.97285	85.1971	85.59096667	83.86705	77.48505	80.66913333
J436	50F:50G	48.9423	55.77295	59.04095	67.01163333	70.9994	67.95845	77.7884	77.16935	77.4042	81.4415	67.76675	73.0406	65.7406	59.63345	75.9977	61.95493333
J437	50F:50G	58.162	64.1371	62.8928	76.15366667	69.23335	74.03845	80.85213333	78.83485	87.07115	82.768	87.5664	91.13555	94.04676667	88.80535	80.7719	83.81986667
J438	65F:35G	56.34163333	63.6369	73.58905	82.87716667	84.04045	78.68435	84.91156667	89.6018	84.38905	104.6035	93.5848	94.8199	93.3315	103.92865	86.08205	91.29676667
J439	35F:65G	51.89913333	53.44565	67.2807	76.74693333	79.8395	85.0005	83.34226667	89.09495	91.5302	77.67363333	85.98335	81.83805	93.0769	93.7021	89.7897	79.2367
J440	Control	45.024	52.92	54.264	67.2	70.224	72.072	78.176	79.968	86.352		79.464	86.688	88.816	88.032	81.984	82.768
J441	35F:65G	51.31173333	59.69165	60.23535	70.67633333	67.64725	66.9036	70.94073333	65.40075	98.02015		74.5904	91.992	82.05016667	96.298	83.5049	84.25593333
J442	65F:35G	54.38703333	53.1015	54.67935	67.87483333	76.87945	80.4365	76.613	81.04115	82.19295	72.09556667	79.9368	82.40885	84.1114	76.2936	71.6027	65.88453333
