"MDS1"	"MDS2"	"MDS3"	"MDS4"	"MDS5"	"MDS6"	"MDS7"	"MDS8"	"MDS9"	"MDS10"	"MDS11"	"MDS12"	"MDS13"	"MDS14"	"MDS15"	"MDS16"	"MDS17"	"MDS18"	"MDS19"	"MDS20"	"MDS21"
"feces__J401"	-0.125717915124309	-0.0410456679294775	-0.280187260001532	-0.176023677423753	-0.109588875916788	-0.0920947765030961	-0.00908771673465367	0.246865026973486	0.134203204649071	0.241905190666888	-0.138311249804377	-0.0386574733140159	-0.0422394721141505	0.0401186724968928	0.175984274321926	-0.140039320548436	-0.0672226277017196	0.015541160928804	-0.193915670155033	-0.238215220297676	0.0392027677085066
"feces__J402"	0.0722281797837328	0.33138259364859	0.0952271339650456	-0.0937760465367611	0.154583127335298	-0.144683517198966	0.0993424372449448	-0.221602554264667	0.149089846973605	0.0064155654739143	-0.0165909449534338	0.0549882144932838	0.0910686833732466	-0.0409172381604093	-0.0250561282687057	0.0294808169035119	0.115370103649896	0.105923400893877	-0.194452707271677	0.133274716548622	0.274186722092583
"feces__J403"	-0.426679255045915	-0.201352652751692	-0.188077491025524	0.236940645094103	0.0814154797982821	-0.131040409912258	0.0176985108336326	-0.297018324393606	0.154503376630138	0.0206854416929697	-0.108387870528103	0.144800945650683	0.0684287723213037	0.113703807628232	-0.0275476664253212	-0.124011928792304	0.00464404457834384	-0.00219521876200287	0.049135479640441	-0.135641494166139	0.117009572868804
"feces__J404"	-0.157027649840728	-0.0481710234131198	-0.116129445341211	-0.261045798802317	-0.332471392111799	0.26784996463099	0.264261733596966	0.130716515989249	0.113672884465417	-0.071291059814696	0.00141454369894585	-0.0271041824688953	0.221891499249881	-0.0924709411786032	-0.0530668829763468	0.186836841692083	-0.142304612427688	-0.021932051051769	0.173897004228882	0.0315093545685847	0.00740182701336669
"feces__J405"	0.139316758705877	-0.130162378126911	0.0855920942977546	0.183312461840324	-0.142901442780773	0.0898189562798395	-0.0102270964934129	-0.058565198248589	-0.160129877844116	-0.115829241662537	-0.0794233401975497	-0.397028572200017	-0.212970541978004	0.0244300656811581	-0.111711492692901	-0.313620140561178	-0.045230388533162	0.056661703881789	0.0491744529408866	-0.0570354680568167	0.145909445138415
"feces__J406"	-0.000450570243033328	-0.0313736652201867	-0.192386288948794	-0.36006672660138	0.00582974948409121	0.100443720905826	-0.293953347471072	-0.0841245778388908	0.115324370454736	0.0774406863556535	0.224982995609144	0.256826802432736	-0.228143506555829	0.0900843121748064	0.0909409569258568	-0.0945218047752833	0.145852906121381	-0.219037593967236	0.131200300258297	0.0344451988677522	0.177742810046355
"feces__J407"	-0.224450980743662	0.278980979953477	0.134642305115934	-0.120332437408668	-0.0273106228046541	0.153818669940501	0.0975408907436278	-0.0472185392975695	-0.214105331038804	0.0717626428566246	0.138155083606984	-0.0867468618598903	-0.0658663981001381	-0.0949125955412487	0.0985976257759391	0.145896387840316	0.101549850031639	0.0642136982539003	-0.0270263919249946	-0.272665702314307	0.0973181462203756
"feces__J408"	-0.174770248549519	0.0395215150899592	-0.190544637599642	0.0307994156597283	0.11079371880807	0.0174845684545645	-0.0058491086852138	0.169037781519483	-0.255837126344757	0.0352699471930782	-0.157522374074648	-0.165388971188074	0.232894046867887	0.237763695025241	0.231677216943718	0.0937332624409334	0.173150827598546	-0.161408250996284	-0.0580390843047531	0.194637740608574	-0.0805718131112508
"feces__J409"	0.129053995182335	-0.205875487051027	0.173233804153778	-0.10367979811845	-0.0845534604035709	0.215749100636079	0.0601996279784449	-0.0682399567617061	-0.306816689652183	-0.125389795368145	-0.215398447233649	0.152740403669639	0.00864198544801236	-0.24554644187716	0.103358629059075	0.0144327044304938	-0.057024329350586	-0.159708128473874	0.0312397123174665	-0.104029014500528	-0.124604534521763
"feces__J410"	-0.0998921566123683	-0.196076057600248	0.23359239356353	0.0625521103342155	0.191830338717969	0.254020246958832	-0.26205829815712	0.116877854963851	-0.030952641813535	0.15297805780103	0.287584048780882	-0.0482420853264236	0.0109866704730457	-0.218668263075867	0.182209411490571	0.0196062338605777	0.0770749263861791	0.175039422362099	-0.101619929351528	0.00510673178783436	0.0861183677302097
"feces__J411"	-0.093902544697041	0.0683725901343609	-0.19367846997075	-0.245230118627628	0.325741043591497	-0.218116778363029	-0.12027870494302	0.0346857567238886	-0.262418389262216	-0.196242329962755	0.0761219276853489	-0.235825877207666	0.208744310678718	0.0619287904878347	-0.241988422841408	0.180974077033674	-0.191263055668969	0.0933664740654296	-0.0878533220004204	-0.0237094686187108	-0.109696072122675
"feces__J412"	0.102707051115194	0.0625081866095147	-0.0944634414818049	-0.0798628655676026	-0.0744757771986285	-0.0215362738438615	0.0522239745844947	0.0392554032947304	-0.0640177071340954	-0.0735465293288159	0.0649041546746956	0.0391530876278388	-0.0223452327723459	0.00812747735782177	0.0645441556360822	-0.308294988730697	0.174023929742429	0.365360026300656	-0.134929739740682	0.0438886993930756	-0.451761299799933
"feces__J413"	0.305966168653326	0.024004760660304	-0.0422884679252233	0.121271827776422	0.213922668114104	-0.0374319698507478	0.0719051806523569	0.293625616948458	0.0130602867835781	0.216689510085511	-0.247778978219616	0.0614877039468646	-0.0332993463227777	0.0135756532245935	0.18883673978342	0.0108056812470695	-0.065218447803347	0.14358611466356	-0.00242331884906917	-0.131404807895892	0.0190251595179643
"feces__J414"	-0.0606919453424465	0.118037758708881	0.0562724304540834	0.10326040633452	-0.206498271261557	-0.215121682246233	0.0435519878517712	-0.0348923508919855	-0.0681495514530735	-0.141971815442132	-0.25951478539216	-0.00863672151506872	-0.0699545300856302	-0.110564842786246	-0.10640776261495	-0.204450339184778	0.10110724276409	-0.230411035092929	-0.0200833550238476	0.183481581898718	0.143783033251597
"feces__J415"	0.0816749642317921	0.22457034261046	0.0256385747928961	0.0580585974644727	-0.0131857368543697	-0.0711528356408772	-0.0689467522133631	-0.0991249047664966	0.281725964386874	-0.0469618733911965	-0.11907946289962	0.037645764425499	0.268920115646052	-0.0391989787922007	0.154804613392155	0.0998681047325684	-0.18020612115713	-0.120735534661235	-0.0466063621741072	0.261043818142398	-0.199892197791264
"feces__J416"	-0.155446143619338	-0.0506197131237347	-0.0214194917869548	0.0885408795524245	0.249467874757918	-0.0789303415494501	0.224753002899133	-0.121878079647813	-0.0929701290702087	-0.109129331810212	0.0694428358570773	0.0738483334244252	0.221882024165651	-0.402708653773388	0.253335921909937	-0.100059750557688	-0.109022937427381	-0.029571890016099	0.137969833721474	-0.127543799121947	-0.0385103386510287
"feces__J417"	-0.00412663909052476	-0.178704778788396	0.108991300988858	0.114250628258632	0.0275965229327908	-0.260611478419524	-0.383018360035697	0.137193324866378	-0.214368590116184	0.167392566652202	-0.252555449015004	0.123211951610906	-0.0707334002221983	-0.0912006154201342	-1.55906420261139e-05	0.206506247665905	-0.0281135078833975	-0.0472648511841025	0.0523108356664908	0.181739585953597	-0.0245849866210168
"feces__J418"	0.108089829077105	0.0150242657388157	0.0019266216089207	0.156511099395448	0.0627040115465501	0.338436652858107	-0.0326288638317778	-0.0401837504115067	0.0139243286960511	0.0411420392670914	0.0297621472150359	0.174097359421852	0.110397847341807	-0.0274085152883732	-0.187230329966895	0.109516382032288	0.186986988645163	0.0905368170586978	-0.382997611155882	0.271437142406816	0.162200516534005
"feces__J419"	0.0558273954354327	0.276441830604051	-0.0374750438320883	0.127957331066999	0.116174204094504	-0.0418626392805928	0.185033043696582	0.219068968466255	0.0958933425970901	0.110411513519748	-0.00550762891007491	0.157278555768028	-0.192626501175437	-0.0634776533081811	-0.103865293642934	-0.160190125936748	-0.0292295692551146	-0.156684001884478	0.122315128957272	-0.0741251171726901	-0.121037983756597
"feces__J420"	0.0537067056878561	0.173949856526338	-0.127692705274308	-0.0315423172809341	0.191247668361125	0.14839175197418	-0.057943511136573	0.117730937396175	0.0623289810965624	-0.0273485945921929	-0.18863577604845	0.111068938148475	-0.126683252839671	-0.152090875252571	-0.0930074520176877	-0.204281119691657	-0.150704164073894	0.263986065775544	0.180706123341199	0.0612077587032569	0.0915334227536038
"feces__J421"	-0.0963769535292511	0.0842822851476731	0.0208998939837206	-0.0996365802063689	0.0622835354678779	0.265202449455053	-0.195359378992646	-0.313534180046282	-0.187854229795533	-0.0844869389444805	-0.181290206253318	0.0775975385966519	-0.116155707095015	0.363355214078298	0.083770947470589	-0.158463409369031	-0.120568063584239	-0.0502300191966129	-0.0499429015146171	0.111202453738963	-0.137268727169448
"feces__J422"	0.0793234015352741	-0.0386733514833693	-0.0570665868777968	0.0774485728184984	-0.157235021326115	0.132090384978191	0.235591207759519	-0.0947035242622523	-0.00585418610044868	0.140649253887561	0.102105798842759	0.0513139735623144	-0.0520352467260363	-0.133563323584003	0.028995723267182	-0.0295561828829925	-0.0692973483834681	-0.257210266633829	-0.127744091749793	0.247673275823656	-0.257510640063363
"feces__J423"	-0.0944915548402747	-0.114516195177063	0.370290288221554	-0.0207502514698952	0.133322260954644	-0.299205704497413	0.300790912364196	-0.0263493882372438	-0.0690764611720303	0.253661137785757	0.130598242918095	-0.0317791397386879	-0.115198120290324	0.173824875296988	-0.0501542688494474	-0.0527283092835954	-0.0681676001266945	-0.103808765617225	-0.0329616216464738	0.106148536661746	0.132928847511544
"feces__J424"	0.08740419653214	-0.37029190164082	-0.32060927182624	0.22215779285503	0.0101996814105286	0.0136037140017638	0.036007359370516	-0.24537502928587	-0.0143773910989772	0.230130658506937	0.0935730051708716	0.097691233854983	0.184006910648752	-0.0318624290943804	-0.153195946103753	-0.0376750135442473	0.0703601311163914	0.0297162876006884	0.000196404002632382	-0.104946910062574	-0.0257026127527679
"feces__J425"	0.129811058513212	0.0857622959910326	0.127184635861548	0.164066653140838	0.130715500771167	0.0563262878605672	0.0265493719373193	0.106180950937996	0.0163509872440443	-0.288189023008608	0.131147895497581	-0.021361781979253	0.117552451890064	0.192318669147434	0.225341670686346	-0.0705519511706168	0.444239578741575	-0.233863432149688	0.115519893616929	-0.172213995184446	-0.0250286547992232
"feces__J426"	-0.134771879517569	0.0632847044065406	0.0433671892289383	-0.0146319455694062	-0.085533124776376	-0.046472554247407	-0.0326173065268791	0.168964343401261	-0.0245320808207807	-0.00449457906349174	-0.0683036963087853	0.141864224873757	0.178182573297038	-0.103120648497709	-0.333061542394062	0.0259327494691511	0.434037165686657	0.14854689389366	0.339110687386782	0.0431908236443693	0.0498017268938076
"feces__J427"	0.0974506403483327	-0.00324419100698107	0.0166227585587425	-0.221022450342571	0.0397929664778412	-0.0975197382295167	0.0160764784830224	-0.0809997940244701	-0.0960327243257263	0.0569673828205337	0.227870157704944	-0.0633424752021421	0.00396705475543845	-0.109109364228551	-0.264325366911136	-0.109869952930418	-0.0465365727568177	-0.0482306717749059	0.211169253619273	0.220339864844861	-0.031478237407597
"feces__J428"	0.00922372375000513	0.149782120319435	-0.084064355138861	0.159863879905708	-0.223709282170147	0.0803561273770793	0.168779386151927	-0.0998725916189655	0.00150070723664531	0.146603231801474	-0.0640529130435034	-0.129728726193214	0.0356421922709574	0.28713807358866	-0.0562199168302005	0.151353530312872	0.0865698364174389	0.168379955947268	-0.02058087746225	-0.136910043172539	0.0620137618721391
"feces__J429"	0.212677379717373	-0.158486391900964	0.219784003926623	-0.291990321944962	-0.251890755706537	-0.0827828188157971	-0.10887173179878	-0.00903316591053228	0.12145871369265	0.0740976807652592	-0.251593071268614	0.0930302082785993	0.240502438282604	0.0594176433026037	0.0386655247681351	0.0635832494123876	0.0251498864235778	0.0702002737532248	0.0105988708237824	-0.132392654831404	0.115692890556606
"feces__J430"	0.0529725199680069	0.0797573050088839	0.0455612082744982	0.223105605190605	-0.14791507705011	-0.0427021628691684	-0.0963122291719132	-0.0822327775857523	-0.136935051982048	-0.252748234165407	0.00992218586497775	0.158931244832446	-0.1039387640998	0.0993594942526403	0.00410334552011007	0.291862116603847	-0.150410879190792	0.0373126092535423	0.215684193785002	-0.200897852390621	0.0299589791411643
"feces__J431"	-0.0450906600504144	0.212118499261859	-0.083300420505147	0.0538651170880542	-0.0879846242276439	-0.0100271737715316	-0.336462158326699	-0.255791605916532	0.207940554311577	0.011272797711079	-0.0519976498243694	-0.373021928582893	-0.0576855130715139	-0.31117143428232	0.118542030655456	-0.055960305047582	-0.0121035948726803	0.014127747279983	0.0617688720439304	-0.0647702841409696	0.0354613936296734
"feces__J432"	-0.0083206291499921	-0.00424952163165847	0.315621089343482	0.0561536577150943	-0.130705031530347	-0.208802286257619	-0.100983237722126	-0.107645130392169	0.223126835695604	-0.0864097610533331	0.227536667504509	0.199221569125578	0.0794371151577848	0.124627980053757	0.0866884122356359	-0.00818129715706543	-0.138616109891696	0.248354164721557	-0.0494623559582013	-0.104466920979525	-0.248885502415108
"feces__J433"	-0.363112288838008	0.0520089008072095	0.165874228504418	0.00282615560625484	-0.176601981733979	0.0430062503762615	-0.0946056808238563	0.306820726171975	0.00280512753653695	0.0806752896823638	0.158806599649492	0.0419005175884539	0.0439301091494822	0.156287292955302	0.0484824079461548	-0.229190061385421	-0.18471943499098	-0.0682328736369514	0.0289910118681685	0.0945037532377448	0.00676965245461019
"feces__J434"	0.0497120063969344	-0.196355992175952	0.186667236426273	-0.127333851596492	0.36983131193357	0.20504636209245	0.0440389175824851	0.00339641298738067	0.445873553451076	-0.0470581123990647	-0.172870739714171	-0.249458364139012	-0.0223781963188768	0.119470278074316	-0.173432694414073	0.0909755445134336	-0.000153766438709729	-0.247393845896562	0.105432841920668	-0.124041109540874	-0.119321424660293
"feces__J435"	0.131892477211642	-0.229066093374253	-0.0352625023877551	0.0426720101452637	-0.115993254416324	-0.09147893680243	0.0488152243196133	0.0450353640601503	0.0935584565956749	-0.0125390953449309	0.131809377721979	-0.389492124109229	0.0053135886858284	0.0764163345960312	0.200196094611112	0.0190131248007003	0.0746564147457065	0.206526883710482	0.224458928209015	0.31808048406138	0.00997027074435959
"feces__J436"	0.126477935283761	-0.122723125181106	-0.0242081204118861	-0.0815454678417896	-0.0959158319298529	-0.141564593247658	-0.0632969622424054	0.165652129190378	-0.00867052717613027	-0.312469616454003	0.0896416933631165	-0.0301404935198608	0.153143369442388	-0.0702101220496711	-0.178386104042096	-0.227757572136437	-0.0271096782913918	-0.163915771827837	-0.462397567786991	-0.222134637520577	0.156942151444785
"feces__J437"	0.0992889497601892	0.0661876543357519	-0.0764733282755156	0.111418892390996	-0.025372307852609	0.000406400517617	-0.169771184260836	0.0550974733659813	-0.00710497374478649	0.128841203241041	0.177668468314951	-0.0118030595482353	-0.0874364133601297	0.0769228014741653	-0.344920721302439	0.107356647644254	-0.00379994517291025	-0.126506166869372	0.0335740039929351	-0.195903895906515	-0.344278038720038
"feces__J438"	0.113855776608069	0.0552900158672494	-0.0178464121290908	0.209272779988951	0.042312057688523	0.21870786039757	0.0318183566281256	0.138732444874929	-0.0260031184660671	-0.0767522596178757	0.135456358023213	0.044780284095331	0.114244651464223	0.146441007490279	-0.0729941084820646	0.0104046735914591	-0.436257647769175	0.0507625641741438	0.0556424274186539	0.0638108991170081	0.312025089309825
"feces__J439"	-0.0248781990147317	-0.209737015834304	-0.077450897522201	-0.224299505039898	0.128988589759647	-0.0521688648763892	0.253853374907773	-0.0629759550741393	0.00552051965994962	-0.288840253124997	-0.0873620850953875	0.156634996486776	-0.324015641197121	0.115755041861214	0.0587808121541097	0.078565509470479	0.0450137526803048	0.269467976363717	6.10974730319582e-05	0.0879670608026189	0.0223171492692495
"feces__J440"	-0.310607036695983	-0.062265655508675	0.0775443406077457	0.0972427376547562	-0.057820258247596	0.0305510580527371	0.0560120159884527	0.106058082866102	0.148873066380857	-0.0957668024389839	-0.107230534889188	-0.0957069529140966	-0.373269605347989	-0.189156223197606	-0.114366497675207	0.312436295005752	0.0656813474846301	0.0462397452946251	-0.290671263263573	0.0311174782873664	-0.13791054985661
"feces__J441"	0.183075991790494	-0.00716012893094839	-0.295263788737133	0.0346259242329581	-0.0776038397472454	-0.193782100679045	0.000333789117110467	0.0787467666423043	0.0515739666496569	-0.162673480948104	0.257685642684682	0.0551341119945202	-0.237514547679542	-0.0399169149615771	0.214875800543299	0.278296228554217	0.0014874311824813	-0.165201795236769	-0.0126238815041122	0.0620355672160268	0.159140305198341
"feces__J442"	0.179068145257024	0.138882526420502	0.0513548951211154	-0.185405021131421	-0.0234863419589741	-0.0522208906455979	0.107094844876029	-0.228380502763372	-0.206102296775695	0.355146930169245	0.00721737328473481	-0.101782172902966	-0.0452884732576341	-0.0137911058980675	0.0382218739968437	0.101967164428202	-0.00367596124448829	-0.0503078212474884	-0.0338253043952063	-0.164794130440218	0.0235896053180841
