"MDS1"	"MDS2"	"MDS3"	"MDS4"	"MDS5"	"MDS6"	"MDS7"	"MDS8"	"MDS9"	"MDS10"	"MDS11"	"MDS12"	"MDS13"	"MDS14"	"MDS15"	"MDS16"	"MDS17"	"MDS18"	"MDS19"	"MDS20"	"MDS21"	"MDS22"	"MDS23"	"MDS24"	"MDS25"	"MDS26"	"MDS27"	"MDS28"
"feces__J401"	-0.141508466492318	-0.187677126618541	-0.250279509261663	0.0796654836580033	0.0272682581855097	-0.0919240885015124	0.0384264564351165	-0.00904600689133997	0.146711982513845	0.0320352290085918	0.0749044405764629	0.327882297292526	-0.187462566514802	-0.0185063389783283	0.265360197371756	0.0453666342404242	-0.0910320237280303	-0.070606700487663	0.0397743070542839	0.0735400490608145	-0.16950156744233	-0.0121682947669793	-0.210909302538782	0.0936019107368128	0.0577763121758196	0.251383767290648	0.0605788378735911	0.290013672190218
"feces__J402"	0.191231652709406	-0.104959204429014	0.0250895649684652	-0.270497588174158	-0.214415890153699	-0.0196840619258965	-0.0633302697212832	0.163367078480987	-0.112901400897217	0.100191400426374	0.174613300062067	-0.0752595896156473	-0.0419978616775327	0.163645853125389	-0.0472969333942113	0.0535366991083139	-0.00920785424273575	-0.102226304460142	0.212975608649721	-0.106772999030263	-0.0389147911444261	0.0997230242542781	0.202888318823033	-0.156489561931281	-0.148614698794701	-0.122521568889032	0.168535780889583	0.126395395554285
"feces__J403"	-0.404230956700983	-0.0775390394827299	0.0505879087902689	-0.0624917607381293	0.238402894200454	-0.189817268610537	-0.224736864246421	0.405014079848173	0.000259681423490074	0.244667388310358	-0.213315760764503	-0.0594686006379951	0.126876140009694	-0.0620553941394121	0.0237920197093173	-0.177437693835333	0.160724820395642	-0.107565233170687	-0.138820876815389	-0.00429209455713274	0.0820077805179627	-0.0574732169408672	0.122712189521156	0.0004760988785718	0.0421140685222775	0.010826832384933	-0.068440118335877	-0.0497629651050753
"feces__J404"	-0.0792157425666263	-0.199224138688345	-0.196214085084452	0.13388392250298	-0.0717919699321964	0.189386007972538	-0.106385914221798	0.0668950754653885	0.10222397081098	0.044378412961284	-0.305315961752986	0.0608396570793253	0.00977130791272035	-0.0845652630123464	-0.0355309142900118	0.0736633850094893	-0.349979676877328	-0.149597047953336	0.0340387932311246	0.0241537569020263	0.0775989697240492	0.107070932418693	0.31584808865896	-0.152313563425669	-0.174529263295173	-0.26641160117688	0.125960652134971	-0.104791098545564
"feces__J405"	0.231205361138937	0.0732855599255967	-0.125866968573852	-0.0894066784878828	0.200657295770709	-0.0200102572362061	-0.0532878417646598	-0.162042692256699	-0.257115202053987	-0.088999640570931	0.0673343783264276	-0.0302342799538767	-0.209042623894255	0.0680095947992256	0.121561237388575	-0.181960415481001	-0.063346126404331	0.0342081877400141	-0.448017704191128	0.140206834489232	0.0947151296567244	-0.0100210931289517	0.171184591030616	-0.000363909345807063	0.0907887394800378	0.108375151253702	0.206845289845306	0.0561057395823439
"feces__J406"	0.017626338539391	-0.0345274184427352	-0.0991642510555649	-0.00195600375015749	-0.304250732085087	-0.0616322454708497	-0.344269163363966	0.0550613529642607	0.0783206603903616	0.072881966070721	0.103663788335181	-0.179117999298799	-0.00840938934394365	-0.288057451129164	0.249891669278301	-0.110221529018072	0.135865933307552	0.332022742874932	-0.0704056544787998	0.242444393609363	0.0791891781548307	-0.0779417300984724	-0.0217046593895702	0.109477554742806	0.0946266284590542	-0.1523561388943	-0.161460716624617	-0.0785277713460225
"feces__J407"	-0.0542472174348077	-0.198481204654347	0.203404153815367	-0.0581269227367047	-0.175670994426139	0.143250879242234	-0.0441520998865007	0.25095764520671	-0.0294597910385151	0.0209235451867478	-0.0759134926328205	-0.125001172941434	-0.0939793459717084	0.0874586148301558	0.0737807627280474	-0.0438443439198399	-0.152859075768815	-0.016957674971656	-0.107487541659207	0.00833828908082471	-0.118556151546131	-0.34503375871808	-0.0564202249866049	-0.287914772740256	0.181711256796907	0.0812459024451516	0.0821581547488135	0.096649479624153
"feces__J408"	-0.173734435774349	-0.262425434675669	-0.0958592659203633	0.12257398891358	-0.198090122977404	-0.201079618332508	0.160537555294308	0.0533369598816997	-0.105696100399011	-0.151262444661399	0.166390762865004	0.228988567435536	0.00573390123473635	0.137165825379582	-0.252080295392857	-0.0824571674935209	-0.0256409956394278	0.0947092540592032	-0.015141361847356	0.0346300237999644	-0.059739732157764	0.238891070897943	0.107429148841993	-0.15574118956899	-0.00653160373791627	-0.0317956333772288	-0.12484642781662	-0.195902054776638
"feces__J409"	0.0339534621896705	0.241832058589206	0.11573672285522	0.017533079928067	-0.117373325168252	0.108667591526847	0.0721968093429304	0.0384279332415171	-0.204982556207937	-0.128925653434704	0.0833024019821047	-0.184541735938636	0.121267666411278	-0.129647524976173	-0.320666896712172	0.0436375842925578	-0.383596020843049	0.0445839668011694	-0.21682486756401	0.208602989897117	0.0459625507293219	-0.137634489843686	-0.0445244468860584	-0.00194307083213387	-0.103295486712265	-0.0372697779098855	-0.213240484716448	0.0187572986950038
"feces__J410"	-0.13341160074296	0.152511874828154	0.17643637467939	-0.00887052039657735	-0.135729850624757	-0.178645281039094	-0.101562032096682	-0.126166447854009	0.256414390718323	-0.31236653426067	-0.232276418578235	-0.0941371955638158	-0.115051066807602	0.0840687110188431	-0.101811666354159	-0.0340923187022745	-0.11244313652823	0.120192219218992	0.191673231453523	-0.292244432857141	0.206243243267255	-0.0471893217758258	-0.0977140025394565	0.134075736938805	0.0012642540122035	0.0544030676956055	-0.0188655149322542	-0.120756261598806
"feces__J411"	-0.0818835855949768	-0.292732379321582	-0.170000921045582	0.185221355461936	-0.00778457110151829	-0.0109002919133912	0.147574900428	0.0740414294512994	-0.00010304734648663	0.0357326490307567	0.0443278058698187	-0.379638741972746	0.222576359044312	0.212923600212899	-0.0678231250538981	0.273750968385258	-0.0464218721950422	0.19477044984202	-0.0838954379161747	-0.00398673118939126	0.0250990114180757	0.0581788635453302	-0.263052760736507	0.152705271072234	-0.190306417445598	0.145039330103473	0.124204121261306	0.278341774566363
"feces__J412"	0.137600008421254	-0.133989485351903	-0.0630467168738717	0.0349429351254734	-0.108879849200935	0.0105677887594947	0.117085916453953	-0.0229251390611052	0.00545240839984081	-0.118845056073542	-0.036053972278533	0.159430206737323	-0.150516133234176	-0.00307976104680297	-0.146704328963337	-0.110297292778266	0.0332247087615437	0.0224454126551893	-0.243670437291209	-0.175572586953676	-0.151845601675122	-0.213521773493769	-0.0733410925239958	0.12259717514936	0.237654931532983	-0.0886546563235497	0.0312672090230987	-0.208204234424501
"feces__J413"	0.181744168361597	0.111291307741212	0.31918720317259	0.179973257537621	-0.133713077467758	-0.308382322981907	0.230971672622363	-0.0784471411888043	0.151797286791789	0.236128836846473	-0.158088087985986	0.00355783680506326	0.0313417077874133	-0.183550784058103	0.121708181410926	0.00937749041817068	0.117200298678022	0.211077397768083	-0.0631353011472641	0.0900836954673052	-0.0815816802293644	0.0208118743654106	-0.056435821782979	-0.188630648775457	-0.211777315186149	-0.10453483209608	0.101803587268734	0.156621417536103
"feces__J414"	0.0362805739115875	-0.0306927627560106	0.118193788065141	0.128351064758333	-0.0382705771162329	0.141167865231942	-0.107148806621506	-0.00885037627489944	-0.198321461391432	0.119989591060819	0.0501701063514435	-0.00382224217672648	-0.145833779300226	-0.0793090920548312	-0.424573479411422	-0.131957446680322	0.373316485271697	-0.112720152658163	0.0786212858112179	0.0509008071966155	-0.0623543210048587	0.208977643362053	-0.18619278697397	-0.225584139560701	0.0129585802741601	0.160360895713635	0.176935358522006	-0.039420884149625
"feces__J415"	0.209599617241819	-0.0593071202265428	0.0610393974136382	-0.177629264412776	-0.0295198913128486	0.0405972251605666	-0.0951970806936109	-0.102185298891221	-0.0342338047477601	0.341115187956031	0.170418506594147	0.114123344040273	0.0647348773168128	-0.0716422534727353	-0.0490903788260145	0.121142835651619	-0.178999901715617	0.0369854859451307	0.338475432930007	-0.111438479268207	-0.259784439799422	-0.0799076550180104	0.111192645357579	0.259090387795444	0.0652811059206295	-0.00326586750122281	-0.23061024249984	0.000625839115415049
"feces__J416"	-0.248830725027417	0.0560329687669587	0.128837723705758	0.130773690714439	-0.132678100916147	-0.295839382129891	-0.0746738415273405	-0.375549716247943	0.0698052460506911	0.263144220009338	0.214856281911706	-0.182918544965985	-0.00982638043363116	0.0854282657081783	-0.131269153981307	-0.0421805156097571	-0.149336676995269	-0.25258139139401	-0.0798157932839103	-0.0526735814386873	0.135806738499611	-0.00375440438695297	0.147756934608898	0.0622111506232659	0.102221901597318	0.0443504217915747	0.0187960245573574	0.084629350314823
"feces__J417"	-0.169872675061621	0.333519307591778	0.106211528127996	-0.0514746635408696	0.062715481740995	-0.199711194372292	-0.22166707799452	-0.0930097711715273	-0.174142802671	-0.0886362177204205	0.00101793144175701	0.0742003787728888	-0.0657726269897612	-0.0510718805294584	0.125562794843249	0.0763636012034576	-0.130431043281822	-0.0294860306227219	-0.0384977626772078	0.0391604998437008	-0.454373949907549	0.260346933535708	0.0444689227357965	-0.0433530625527395	-0.0586324736598781	0.0261944271189638	0.0985106480534712	0.0606563356657806
"feces__J418"	0.151005714899189	-0.00854029341516945	0.141035439905555	0.0445276842219458	-0.165086564600819	-0.204301423848432	-0.0198400124445108	0.202402353088868	-0.0584179229013961	-0.199968129529201	0.0100929051503567	0.287264498096651	0.172537567261327	0.107463682120582	0.0683240831394284	-0.117037019404967	-0.0294865756375376	0.0529776967061019	0.151970869355334	0.287719948548498	0.306421316259478	0.194874839085971	0.0303873147268331	0.278156304657898	0.0338941190625135	0.149195486228443	0.229994008692738	-0.0714105082727606
"feces__J419"	0.109002606352138	-0.236446119288797	0.015116308445709	0.0416973119802959	0.0196964422825578	-0.0663213756757413	0.0406124814747705	-0.20569973681393	0.110246486506481	-0.0370792533728856	0.111203305514264	0.106330407299042	-0.0152125612515561	-0.276166670251938	0.0680442991765301	0.106860338176757	0.239471060302776	-0.336552195081667	-0.0684276594898405	0.0286533846112083	0.253030654228204	0.00657269320345711	0.00044819307116406	-0.111858147759112	-0.0191248090010347	-0.22563308549617	-0.179237505245975	0.104532040811988
"feces__J420"	0.0812223872645496	-0.065927859747241	0.102405876152939	0.0606325245812917	-0.030603750044517	-0.0489645260518594	0.0775831797960979	0.0972901254887243	-0.114768101761089	-0.225339830667668	-0.170156054185726	-0.15258134850794	0.0865735413595175	-0.290247554316098	0.0999133857980464	0.429542424312399	0.0766501801607588	-0.153816138135594	0.10441919351701	0.0392220035092245	-0.138014378894327	-0.0754572604402922	0.257075202625124	-0.0151375844515683	0.258853676070389	0.407752509376771	0.0163361660140118	-0.110411556819685
"feces__J421"	-0.15015394942293	0.034826220925237	-0.0346020284332342	-0.0791753956176834	-0.22233378039633	0.174863894549837	0.150589022739624	-0.245810317950028	-0.257177642736134	-0.252177858132567	-0.0615211069565547	-0.0648277454522083	0.330233739331346	-0.102100409538215	0.314098074180211	-0.137573496374264	0.200105196705608	-0.11860892324592	-0.000323015326663048	-0.294875248518521	-0.053351263429735	-0.0372800707559137	-0.029965566495286	-0.0149256284185323	-0.158942337126126	-0.155366301510556	0.171960926495304	0.0534619425265617
"feces__J422"	0.0817439010095168	0.0938518877313501	0.0441913751389385	0.136995246520641	-0.0571829493757957	0.0926077641501802	0.134344271520663	-0.0646135263770392	-0.156980926980692	0.05498050844046	-0.259869076059726	0.0645757814788115	-0.219854038656525	0.126298589526676	0.00799991266158665	-0.135337418734726	-0.0656556376426109	-0.224240150433946	0.204279449456532	0.0992861430670672	0.239158604493145	-0.164756486290672	-0.0850377384759	-0.00521268749068541	0.166231602666946	0.043705242334453	-0.232368416474852	0.33402140626784
"feces__J423"	-0.176344996862694	0.194344999304198	0.152821774205796	-0.100507106278452	0.145811380059194	-0.0256253415450489	0.348115255291972	0.290372905159237	0.0602796884259478	0.0607612592687777	0.4354648283955	-0.0236897314644661	-0.138534001594674	0.0790618312385595	0.136358134798306	0.00637585113166126	0.0456618049868993	-0.0407616189041957	0.00759061572301897	-0.080229830363752	0.0706028337975504	-0.166935739891044	0.0187521904837513	-0.0330403841014744	-0.0738106993024011	-0.0606014394010905	0.0647583949145496	-0.0729508020229487
"feces__J424"	0.00281249036932899	0.139535894701433	-0.214679685911677	0.112137062071023	0.0330576962533388	-0.201900542180801	-0.0205661746735156	-0.0126351981938591	-0.215200764982899	0.103070590592991	-0.0944918186278783	0.250405102428756	0.172870066673347	0.178842089556283	-0.110021120078964	0.0962838537589312	0.164473437847857	0.33565203765163	0.0620660883088401	-0.289979891594533	0.0144411126474972	-0.341956689241532	0.124105003123831	-0.130835034349886	0.172944933792346	-0.114006565303778	0.0271717330208147	0.0571816945137865
"feces__J425"	0.169358224841309	-0.104994721268318	0.0801103608188818	-0.20322316608121	0.145311730328571	-0.0344804025993617	-0.0430064107900976	-0.1043313739857	0.30850119773172	-0.129519358692119	0.0176302354885086	0.000253025115413377	0.142312649103774	0.239820949976378	0.0776855832671811	-0.118624137417182	-0.161147007980873	-0.0667813752138082	0.0753021913171566	0.203957621321062	-0.0880138184073476	-0.171647874400514	-0.0107000580248356	-0.139838460001317	0.0406787535756277	-0.178533069573124	0.26503468091254	-0.027515100977463
"feces__J426"	-0.24116065369001	-0.0220533354044372	0.00278589935694842	-0.0720327362896241	0.0241849700705071	0.102934921634599	-0.0823447766263757	-0.146901218876946	-0.065585001790549	0.137007149070778	0.0121653059813491	0.147717384055353	-0.0973817678967769	-0.160012940411902	0.0578585202127961	0.214943210801123	-0.240700392975638	0.00326505419193737	-0.0442808360050628	-0.0906285703629889	0.10760489043991	0.0459100750551238	-0.463931576644706	-0.0613525798171721	0.100313462894161	-0.0498682123427035	0.192087788208569	-0.30823610454834
"feces__J427"	0.078241141981484	0.145784082246664	-0.145117094330327	0.0673634546602512	-0.0199639683779408	0.129868918628986	-0.193051998731776	0.153074526965592	0.130321484448171	-0.102500256253494	0.135656610905334	-0.20575982113286	-0.113980048782379	-0.0972194627107361	-0.185107635598879	0.0688738392712401	0.167994159563295	-0.0242326836244827	0.1244662979453	-0.0111860503854306	-0.0501641339756994	0.058363687559438	-0.115342536626792	0.222101275517383	0.27735187922052	-0.303111679537523	0.287234731692348	0.162366342861648
"feces__J428"	0.0616061868064703	-0.122478415692642	0.15285824427409	0.102486858760733	0.0782037993519719	0.158345741794112	0.0651053102319727	0.0151153265302296	-0.241408555979305	0.190489715488526	0.0318174948185438	0.0847978824336223	-0.119128553503986	-0.020685296523997	0.0812106767439874	0.0947790222211636	0.0309434969659557	-0.0107067571755537	-0.0993238004437617	-0.0631590326675933	0.126640793522833	-0.111819821791599	0.126886204321792	0.46837822849959	-0.282383547502606	-0.0342597177549583	0.102458300736945	-0.219990159579214
"feces__J429"	0.0333898518633284	0.353591319671414	-0.212070432705744	-0.0435492637827792	-0.260084292819488	0.179263683008102	-0.0659461959492811	0.102110208735123	0.126115909513411	0.206730933243928	-0.179041446128138	0.130636069555152	0.219041207078625	0.197039803667615	-0.0131757882952686	-0.113083016303126	0.121833688730594	-0.303801036695501	-0.0813186651566225	0.104582140184592	-0.113565560350263	-0.0626052888847903	-0.150556088160036	0.130071254199037	-0.204249625685718	0.173695443352929	-0.0368015960128257	-0.0823677113883007
"feces__J430"	0.095456186511372	-0.00525725859821864	0.243087426555507	0.0282472903972756	0.110799962172098	0.18140152775317	-0.0111756559479837	-0.0130772968228815	0.413437834594634	-0.022375545805235	-0.0865702400389905	0.0328110642871968	-0.00182771915218999	0.100328361903187	-0.109259834702643	0.0532773952685312	0.114785138578219	0.00321279335785188	-0.31309927551388	-0.296993627764806	-0.0613559295889298	0.186848153637449	0.206203443081563	0.151245657606953	0.0502803573980507	0.118647266006033	0.00618402243093315	0.0719557641795135
"feces__J431"	0.101298117194497	-0.170633233612505	-0.0443043316731716	-0.286402117943003	0.0114545359616888	0.0397808171955656	-0.198856788367179	-0.143199187905454	-0.129722739121103	0.0934223140419907	-0.188777324021452	-0.0887725515803852	-0.152019182017495	0.137463925273456	0.0610365877524417	-0.042636202206286	0.015819395609289	0.254050730810176	-0.0893584786098284	-0.137527196030633	0.0856497076457137	0.215676476683405	-0.0117242642421396	-0.0485962940415247	-0.107996810590564	0.131021275417022	-0.157474709846394	0.131597208726679
"feces__J432"	0.00576838450704159	0.0998918931162866	0.0463419993002712	-0.107977179638079	0.0636926689685352	0.281756532859593	0.0842365738122646	-0.0804781010849241	0.0702699033854201	0.148846063117171	0.158388067622301	0.0976855383118368	0.448387930977608	0.0650577310980635	0.0941431085151887	0.0797803841243147	-0.0192492746089098	0.114245446760232	-0.0662552033723702	0.0394107812107375	0.218959494343395	0.261489759331956	-0.00906450718554937	-0.183581852870778	0.403748386158423	0.0837054306448047	-0.11136614523835	-0.0403998780879899
"feces__J433"	-0.264661227960657	-0.0416291346688929	0.14834440133003	-0.165328156454541	-0.116472729241991	0.268346117602543	0.235797458229531	-0.0668782438490252	0.142725907038177	-0.0766779325599347	-0.0937708231681318	0.138474456022068	-0.1816509534132	0.0293909424587824	-0.0608345430114198	0.0280650500163236	0.163466183374971	0.244538311423692	-0.0235606417305667	0.298212788191996	-0.230502189490438	0.0189577401679044	0.0663272284941768	0.0602722695732826	-0.0535982591425121	-0.109167435960211	-0.187764535758236	0.032834146260821
"feces__J434"	0.00165780191963953	0.0890265594651994	-0.383518766405815	-0.483569647751845	-0.000516178221233898	-0.296369878955519	0.253886366710982	-0.0122026368707098	0.0605402635316533	-0.0426295144530317	-0.108663163701434	-0.153169065953122	-0.0853137735896302	-0.00549713030322253	-0.14683266144105	0.200459627577961	0.12306115695557	-0.156424498275732	-0.0728491577327885	0.0984751248682553	0.0584646218494025	0.0407564972355263	6.32270106237997e-05	0.0641181804571232	0.00695579645457099	-0.0288997533552232	-0.112519819380202	-0.0942099456352739
"feces__J435"	0.0259150189416076	0.320629682971108	-0.208832974346835	0.150989766308223	0.140135386213073	0.158109873127765	0.0877212023095759	0.027059821964976	0.10301060494161	0.0876501512634162	-0.0714869191150641	0.0162381354176228	-0.253207716438339	-0.062090178248835	0.0540032222596263	0.205027448015926	-0.00486880832299115	0.213592361533287	0.159875140935616	0.0429237924200846	0.225856454215225	0.054552485779683	0.157883723599852	-0.219524053505322	-0.120422934800044	0.037017996602067	0.134437214018694	-0.0460127916442862
"feces__J436"	0.0821673737775431	0.047822668377663	-0.145492307319304	0.0109365135852795	0.148766924052341	-0.00487735294111407	-0.109741097316845	0.146205544356161	0.137288423509751	-0.190793226150122	0.178869404117706	0.25261741373853	0.169969117096844	-0.389949871278731	-0.209127520604928	-0.128920270231483	-0.151308519232779	0.0261389222808867	-0.109683989493638	-0.175614702126666	0.00122449301010283	-0.0978824116600618	-0.014115456576245	-0.0489759956676233	-0.238823350748835	0.113908915086809	-0.0939745388179755	0.28862811667074
"feces__J437"	0.0246135629400005	0.0195407158349586	0.156621435248058	0.0229933815775385	0.326630222854087	-0.0525219283757465	0.0781807094842882	0.208026236907126	-0.222341399810249	-0.0974064436134567	-0.193535768081542	0.00365071400735887	0.0418520952477657	0.0504023806908085	0.056666592301771	0.00257983361899066	-0.0800464329587343	-0.0598941681908443	0.0530534843012791	-0.0407247265191124	-0.0479262179897285	0.274574980701068	-0.187537412482676	0.140240783030561	0.122630052762274	-0.397262361713017	-0.198223536589372	0.16652126490059
"feces__J438"	0.188903032619042	-0.125612861507484	0.0409217864839472	-0.168415841431075	0.289618758217728	-0.0863474950152737	0.14492095224204	-0.0574181841526444	0.0332399373571565	0.101246046978976	-0.127135708611453	-0.133427340629553	0.0925489988355087	-0.219741609000945	-0.106528995076184	-0.291288359944385	-0.0375490221888821	0.0663832552342266	0.21929710492309	-0.0127206624439197	-0.0274379914869356	-0.0550590356122283	-0.220179078016411	-0.0625423715581131	-0.113075902287927	0.176022422697119	0.0629014104086466	-0.24868698230024
"feces__J439"	-0.091933715069238	0.00526422810998972	-0.246750502957245	0.238894471551245	0.065284503473782	0.107342920914076	0.249370693739462	-0.0627747974307907	0.04194508097048	0.0284037491818437	0.0645083167067409	-0.280738307502048	-0.0260520921555851	-0.0810255406372229	0.118417797199606	-0.463324340682464	-0.103156851506632	0.0472906513960961	0.196150649273826	-0.0506017250989682	-0.16451962871472	0.145858455653964	0.21154002200528	0.0893989662797757	0.144672434420452	0.0693312451124551	-0.0529511114037061	-0.0661343006731789
"feces__J440"	-0.267035497268755	-0.0576863957200004	0.0807154631734342	-0.0874600946834178	0.245155132507211	0.161384981053939	-0.24884395631771	-0.196009197862481	-0.0508510910453716	-0.258968461122445	0.148661118737991	0.00675464017365562	0.0195791042179122	0.0910532285106643	-0.0586918681464298	0.0178590338480284	0.18862489053573	0.0547971723306267	0.252413221967346	0.164240598496618	0.112280229714396	-0.2113855946546	0.0967858671176615	0.000540962811723455	-0.182232967476728	0.112887294134333	-0.0656349165380593	0.0781720541629597
"feces__J441"	0.146667456051496	-0.0195489948912471	-0.0694919861588035	0.359246298417984	0.259116570588568	-0.0676499197768206	-0.144037398054281	-0.163362828680562	0.0363345311356987	-0.0342677371505552	-0.000834787578496235	-0.076265222340883	0.126117059772611	0.265838626443734	0.0130786290817437	0.143023715601604	0.105470631430257	-0.0771725075960708	-0.0387628382656472	0.21713767573539	-0.223156742996283	-0.12481535867463	-0.0599398247841729	-0.0517587738658255	-0.0801083456683717	-0.126211892871378	-0.152480212324782	-0.25230090352344
"feces__J442"	0.198154823307128	0.0497807085639658	-0.00679032792643675	0.128027464954805	-0.0955514476918299	-0.00265885268628459	-0.14343533080207	0.204855832958451	0.0441674336725017	-0.165057813331972	0.201360632512933	-0.0958631629548786	-0.172270854053177	0.169459799080138	0.285931669516533	0.0177027587630255	0.00777025911305077	-0.0924069622897841	0.0065133338580986	-0.244661172340273	0.0277022820966909	0.10781118399511	-0.151549253167014	-0.199245401938656	-0.136496385083115	0.0906612681969878	-0.357894493167954	-0.212076269308264
