"MDS1"	"MDS2"	"MDS3"	"MDS4"	"MDS5"	"MDS6"	"MDS7"	"MDS8"	"MDS9"	"MDS10"	"MDS11"	"MDS12"	"MDS13"	"MDS14"	"MDS15"	"MDS16"	"MDS17"	"MDS18"	"MDS19"
"feces__J401"	-0.198774962772251	0.0467803923502296	0.0591156807306258	-0.0697089495115401	0.0788005306074755	0.171112117211401	0.0648165849430311	-0.154672163721998	0.0197278786923364	-0.078644941942375	-0.13074088155852	-0.0780808328978971	-0.131432812371865	-0.230075756832279	0.0222079142973088	-0.202168416328558	-0.175989841415874	-0.136485759392682	0.0858200670209737
"feces__J402"	0.0513511170656258	0.104542981715508	-0.211820250050539	0.300402528442008	-0.0791284662347425	-0.182527372953801	0.0716059723015532	0.00928466488368568	0.00172765452613055	0.0415952292910992	-0.2021956489288	-0.100959935690665	-0.00287284210254078	-0.138043324455711	-0.00483708845023564	0.139292188018231	-0.086216263134062	0.15594682257005	-0.0567141472869416
"feces__J403"	-0.378484893258409	-0.191403737537326	0.233348353456017	0.102259086246187	-0.0309806392256346	-0.16910684024362	0.504054774042926	0.122275660179134	0.0816550766001835	-0.0496046812066148	-0.0430118968913612	0.0287754738555392	-0.0922563914651773	-0.127487726750537	-0.0009880971341423	0.0473284049335564	0.0405224188097401	-0.0618513318229447	0.026584378356138
"feces__J404"	-0.263373191251811	-0.0227955631405429	0.0429073162853769	0.221154754930399	0.179143623560395	0.23378586011829	-0.28285193740006	-0.188836866230254	-0.0877431073786258	-0.119697107097166	-0.116580330795121	0.136373685558418	0.103478294935018	0.0191561188496661	-0.188477789660867	0.157073366386971	0.119375382160411	-0.342334658792222	-0.072935500222209
"feces__J405"	0.179020924779318	-0.0586415755584847	0.220032740576158	-0.0953954993925729	-0.0504123994028082	-0.166638188034116	-0.302914047813706	0.196077990283255	0.221021109474344	-0.0483655993002227	-0.187403360832411	0.0316543118333395	0.00828904165997379	-0.206618620211366	-0.220691012695077	-0.0140232162021418	0.187438252101557	0.012178737681334	0.0713558112287582
"feces__J406"	-0.0518919538920347	-0.0120249825184177	-0.171024704669741	-0.216388515242295	0.0175268030095125	-0.0117216214051118	0.00837828828510299	-0.127350429360016	0.0311207804459265	0.187643943718342	0.126718244815446	-0.00024442354592098	-0.122928723155937	-0.234252415702406	0.0846969861785914	-0.208452876010062	-0.104985554906088	-0.132100265414613	0.259495556520285
"feces__J407"	-0.172328033702482	0.164743543649949	-0.195302713448122	0.219167617079776	0.10344935483651	-0.194285018997297	-0.264390528403536	0.158859323461357	0.172575079775427	-0.0897259298817093	0.181247833469013	0.0643586450625822	0.00932978249890889	-0.111402479717822	0.0442820288425797	-0.0533295744853695	-0.0176497787366415	-0.214160952228288	0.0307721274824486
"feces__J408"	-0.179773853346151	0.200946059124268	0.0147586142594554	-0.123541166324347	0.11288498387541	0.0986994054844081	0.159354354981737	0.190062241927963	-0.0645529490054249	-0.421886075367038	-0.0332382066190012	-0.00427936292019143	-0.00397379689990632	0.293411803096068	0.0688051031397919	0.246736041402755	0.0966463119235646	0.0458063976541642	0.098915405816463
"feces__J409"	0.0932808942229033	-0.157777951521397	-0.104405404094135	-0.062615320495911	0.0716373810407067	-0.0458225635003075	-0.121333838783631	0.421041781115452	-0.0947414204593907	-0.0595539830703034	0.0127451961640353	-0.037554524623307	-0.0666444167770589	0.248308048919822	0.151343865175422	-0.0837137799652342	0.187087646725456	-0.182258464841097	0.093907356450607
"feces__J410"	-0.0205610152772662	-0.107863305964227	-0.0340990921056442	-0.359878714328322	0.214647012350416	0.107322549734483	0.104649642618673	-0.0111741033492469	0.186199030136113	-0.0984151436017599	0.128393833883373	-0.187502660804902	-0.0950946377912619	0.0232289097037723	-0.250456874182095	-0.00212518921707404	-0.0280255497856904	0.0976028871353384	-0.289575072367821
"feces__J411"	-0.127445341342694	0.0657827450859461	-0.308309514566803	-0.235056301517171	0.0553181101469716	-0.327162445148557	-0.00185852397818181	-0.262278967694176	-0.218610243280959	-0.265337794048426	-0.229525469889096	0.164117257490576	-0.0837644591888887	0.0794948209731422	0.155698903208803	0.0100621248834074	0.1380700099286	0.145540584863579	-0.0111266959523069
"feces__J412"	0.101454630177738	0.0499064276096479	-0.0249239602269008	-0.0102978306919848	-0.0408305587055758	0.010033640626327	-0.0032874341459707	-0.0649257660686974	0.0776665346698704	-0.132128729037739	0.0453225634281105	0.206518718019789	0.013417240172613	0.218762488635165	-0.289896421397706	-0.327115036107083	0.19890314139411	-0.059288557840608	-0.395937075145026
"feces__J413"	0.358149909311172	0.11859221168887	-0.0463893780816715	-0.0445135313736123	0.102525710573492	0.277868213344045	0.101273071491729	-0.0213609816223713	0.0727615687936245	-0.0165068139351351	0.0491989063746298	-0.074801427870617	-0.0615711358094445	0.177929839033811	0.110448325562487	0.0929691693794989	-0.109490804479935	-0.153951285079584	0.165754795502298
"feces__J414"	-0.106722273065908	0.245091894011075	0.260081266591449	-0.00196607093479327	-0.25793971450273	0.167375402180499	-0.167062916037215	0.276087121310146	-0.200691649877033	0.152158065562546	0.0713577105892279	0.186310464639499	0.0338682891692145	-0.183561976155731	0.0198672757362513	0.0577400824231828	0.0652836682437079	-0.0124275420492994	-0.165956176150754
"feces__J415"	0.0696462636181931	0.0610877989316133	0.0774548348919624	0.254027134044453	0.0956549431355725	-0.140151445245829	0.111078200948057	-0.0649730304634122	-0.124414199687649	0.061220222024515	-0.315550817863061	-0.0591930679595246	0.299718010331091	0.0288015136203411	-0.0273326725817854	-0.0383827746157114	-0.187486425709858	-0.17672135426344	0.0583782305351908
"feces__J416"	-0.129509381255181	0.154307776239314	-0.107887619205636	-0.156450262262827	-0.10968412331468	0.171015667131344	0.0826500242772017	0.272872680805723	-0.398949655606393	0.195850247681133	-0.08363745871076	-0.115447587654529	-0.0335674460519477	-0.0975171658599992	-0.00199684310710504	-0.357123975901339	0.0754053769324231	0.0172727080996614	-0.0841418533244687
"feces__J417"	-0.0345782329641403	-0.132737903802924	0.112776414363038	-0.227655828968286	0.133702139887482	-0.0807216919508751	-0.0649686557183269	-0.0814600036251287	0.0996887229199631	0.202326937727095	-0.017212389096084	0.0107703942700032	0.244695653652575	0.135809022280081	0.393851575427734	0.0186348150059862	0.0258940981210878	0.114610538165201	-0.0753008997788235
"feces__J418"	0.195272449440661	0.0109425825631279	-0.00118424773941552	0.0541967708931747	0.26948408445039	0.0227848424971661	-0.0392102995524976	0.152096932555684	0.150709140437382	0.161187771872767	-0.233990778673012	0.250536792690913	-0.0201386052665248	0.0435911493682976	0.00496866392024087	0.222441825471985	-0.258473902837649	0.141270910725085	-0.150346610607221
"feces__J419"	0.116435040060848	0.274021321203959	-0.089351105070686	0.154741788718023	-0.0425659544349885	0.234226449431141	0.24759339818019	-0.0371910463378361	-0.0301676027859167	0.151290991312	0.0786875027013712	-0.166822420327483	-0.149685970114674	0.0780105925591464	-0.0845049058485709	0.172343349853515	0.111626335945148	-0.0336751521597442	0.0988521661109281
"feces__J420"	0.0927468066703783	0.128108164086854	-0.125817402854079	0.0306743316553442	0.27183425577558	-0.145381064941283	0.158794373629745	0.00303673127407654	0.0682789927870281	0.428553061372632	-0.0426944276961415	0.074969707283818	-0.0576082171230721	0.0322931088138332	0.0894849045710846	-0.10282662702083	0.227243097445147	-0.106768090416115	-0.00791731191131804
"feces__J421"	-0.00523416247393398	0.124893832180478	-0.124850869655302	-0.233628875679078	-0.0545024556156015	-0.135552146567445	0.161536231457123	0.184920156373867	0.152022209762951	-0.0311557180061907	0.253307064545733	-0.00303721410913483	0.285754813305038	-0.0911231256938167	-0.136873427849191	0.191688282351627	-0.0861434037584685	-0.00225915391591132	-0.0655127570276045
"feces__J422"	0.0628685431460753	0.133240180285553	0.11514413426561	0.0318319549899233	-0.2308107653594	0.167973567481064	0.0523487538269267	0.0435028689402732	0.0861897876606185	-0.0418349386062491	-0.222108530283269	-0.0681600892040247	0.429248045742039	0.190318924461152	0.0495451860510427	-0.188238782088686	-0.0442857128887541	0.286598745360568	0.0455036534603331
"feces__J423"	-0.16491964214075	-0.148480934093833	-0.261240656792275	0.191267089390541	-0.340365239310112	0.0944517542805004	-0.0119745462130748	0.0108486709504782	0.2074303179808	0.0479827769411262	-0.0180026063871009	-0.140295439429255	-0.129874763770934	0.106344319738701	0.105772807954267	0.0629925500963288	0.0434060681365306	0.105625705200982	-0.00248652595822146
"feces__J424"	0.0693342880008715	-0.058836346626453	0.157806632345884	-0.225914425051279	-0.18164285698049	0.0973442656193821	-0.0915131581880632	-0.0454722067569502	-0.0536490726396406	-0.0396181125628527	-0.204773894412669	0.0885858236175631	-0.117481139716921	0.032672703288404	0.29009969104973	0.10743207248954	0.00586703338238743	-0.287436457482265	0.0253608055777598
"feces__J425"	0.237591816088409	-0.0322894426312194	-0.069878597572764	0.183833152869405	0.15900099945497	-0.0628777995194583	-0.0221466657649744	0.168073686439234	-0.11721922207743	-0.201740936811586	0.226051325532371	-0.220194667859416	0.00778474963049993	-0.131007978540561	-0.0447093918917493	-0.0963515323045426	0.0880009643139601	0.0812155210137224	0.0393778680407922
"feces__J426"	-0.185064695935733	0.0200942511154083	0.0112849824497548	0.0366984995134155	0.162875399202952	0.126202325349637	-0.195828672437159	0.0638998024724207	0.112400643568393	0.184189992117518	0.141870108666549	0.22279493266856	-0.197343068220435	0.261423346634583	-0.126189978385254	-0.116332908179431	-0.344264273492566	0.174529163429116	0.16697821209357
"feces__J427"	-0.0211396146456782	-0.117365427382081	-0.218318668458454	0.026933470443568	-0.198102271068862	-0.197074561025109	-0.000391123821002172	-0.00606928381727239	-0.161442280063132	0.136716186001514	0.0844601650435191	0.224444151633728	-0.0631552669777185	0.189593180829967	-0.110248483356595	0.0771667318096698	-0.152017249730442	-0.0982955170162876	-0.0717099958050605
"feces__J428"	-0.000324750622880382	0.15124364363138	0.217929321437986	0.167620683044016	-0.108677254796069	0.0271942909783463	-0.0272063832341695	-0.106284615059846	0.208775943475497	-0.159955974401748	0.0718939555069712	-0.0795586744749947	-0.371298131949891	0.0016334918255318	0.0875519512208744	0.0104501110200691	0.0167320622153531	0.0984874521623122	-0.0363730383424303
"feces__J429"	0.0672288522746208	-0.508040836347366	0.000904489653187429	0.066566437084815	-0.0117403408789528	0.225341189411868	0.259956867363088	0.147730092526649	0.160535147713987	-0.0727702237790232	-0.112710625935605	0.243416441672546	0.026994767286728	-0.107031280538249	-0.0160112357689869	-0.0856999408962066	0.0223865060354078	-0.0928507343949579	0.0961628141910393
"feces__J430"	0.135129332806281	-0.060989853715335	0.183138319340713	0.200764173133053	-0.109422859176069	-0.218809142204855	0.134248587793285	-0.0507273567350893	-0.0611580750114751	0.0146378853079615	0.344589597034407	0.1162617311921	0.0186005078732998	0.0215679304920877	0.238146103370046	0.0790417527032927	0.102004194026588	-0.0867827970249943	-0.196105086861788
"feces__J431"	-0.0261352175742541	0.157762084032484	0.241655257516946	-0.214826441591441	-0.0356237093433875	-0.343138581235193	0.0453186492317048	0.0181049116108752	0.102651016303619	0.0558256244005716	-0.091452171908588	-0.18683643386387	0.00665763139512899	-0.0198347994965841	-0.276142316202	0.00629290347274153	-0.158336901167235	-0.138035297353593	0.131641180508904
"feces__J432"	-0.0114384440242598	-0.203566995008869	0.0403716217469284	0.0739773781157568	-0.0705321941641821	0.0516490534554619	0.0935006229890789	-0.309973452972074	-0.119283833431645	0.103537861438673	0.152514840868054	0.00277617472623596	0.160298226693798	0.168393273385584	-0.226584768286725	-0.176079068153205	0.0483953236945544	0.0482734414463102	-0.0412959759642318
"feces__J433"	-0.301854760606404	-0.0395640312438399	0.0454648953447001	0.141398733840311	0.249022262813455	0.00637486069174769	-0.114046350426164	-0.0133905158248735	-0.0725065300472643	-0.0202407143478589	0.0912083933974566	-0.329369268729202	0.227925527256982	0.103087570454804	0.0730937801526738	-0.0450525329947541	-0.0959466136791204	0.013171708835241	-0.013504162888917
"feces__J434"	0.0770886796409126	-0.279227968641954	-0.252130105920293	-0.0164862590446129	-0.0333590097295823	0.111170126083742	-0.209521713511077	-0.00569919049223972	0.0766358344685502	-0.0121567544574186	-0.0307938633870582	-0.314950011215367	0.154066919985238	-0.215602034774157	0.0611087708384355	0.0806113204078532	0.083017789541439	-0.0355811163176614	-0.051479147959947
"feces__J435"	0.0889757726467408	-0.202809860919769	0.208815673787263	-0.0356273188235233	-0.182565470992061	-0.183180554997748	-0.189405831920864	-0.0853347527914565	-0.155611500894011	0.128675708193084	-0.0705460570845969	-0.363370804516856	-0.262322674096986	0.290181387492587	-0.124518569184501	0.0948550942508852	-0.0408894834576581	-0.0346557330193364	0.0140388797328629
"feces__J436"	0.084603080163206	-0.215046788129736	0.049315776735001	0.0483223700916144	0.0768961525865779	-0.0183352587709399	-0.0511694052728904	0.112693281440324	-0.40998081083312	-0.150855277059303	0.054204451558997	0.116273489389136	-0.120249599694847	-0.178244538701824	-0.0315594396624747	0.0389528766701915	-0.285130687825614	0.383419759463382	0.056371536186163
"feces__J437"	0.0948682062208708	0.0313950922112505	0.0963365180799776	0.0068207263351384	-0.0044349541821802	-0.035617387822388	-0.0450437107698691	-0.174742817235106	-0.035762159049364	-0.0474896171143541	0.172207628938213	0.19383312297732	0.139357542104696	-0.0107374250692102	-0.123606457709993	-0.0341047741363112	0.309566855506058	0.157803764803895	0.610584570101919
"feces__J438"	0.21642329295158	0.0806141501028374	0.0627845851352485	0.0522174784478704	0.246221831470084	0.0547050669048278	0.0636186482507158	-0.190601804224174	-0.123317317522755	-0.0399160859238436	-0.179995114194664	-0.0124074677433718	-0.174805998668822	-0.219074561253688	-0.0302435931817443	-0.0193387587818982	0.161137834818758	0.0733799801627766	-0.183611049707363
"feces__J439"	-0.0216952506246489	0.0028213282234127	-0.186918018026305	-0.174401849409771	-0.174897682756176	0.146694212426263	-0.0133243334129882	-0.145518265570811	-0.101374303220325	0.1053362491344	0.035048584458176	0.0778340433497459	0.121937190278541	-0.155549400393056	-0.218419542329192	0.44826248984367	0.00289896625691061	-0.0289772511268526	0.018532615202393
"feces__J440"	-0.207886888458353	0.0171773996416079	0.124859746818676	-0.0214301296900328	0.0679704509158059	0.0561109862824021	-0.122734048216689	-0.107464389367684	0.151288717372923	0.207532818390527	0.0563617987890328	-0.00557124307520143	-0.0312669463430386	-0.116393762472129	0.163704298560717	0.0984219081269727	0.271519552259419	0.357501961262188	-0.0822976464042327
"feces__J441"	0.153411189425555	0.0610443582897074	0.145456693545609	-0.0698257865091776	-0.0337510578690783	0.0319181861233987	-0.0223718013717606	-0.203201098844944	-0.0593287856878834	-0.162687536247447	0.305471746169081	0.0230811127354296	0.125787096326186	-0.125793527873665	0.253712471887831	-0.0559934986977823	-0.29830889681237	-0.144656271107295	-0.132275140615632
"feces__J442"	0.0642554705232613	0.144323286809292	-0.187891560818805	0.0307329175337856	-0.286626051650394	-0.0332503482838115	-0.0602211202179989	-0.0927654903849398	0.249443530993769	-0.20597288468114	-0.116696920786847	0.0849510838488899	-0.0278722867396762	-0.0446616439637558	0.0658983017200781	-0.25433619891571	-0.154787546100292	0.0513169530248834	-0.00778615983750766
