"MDS1"	"MDS2"	"MDS3"	"MDS4"	"MDS5"	"MDS6"	"MDS7"	"MDS8"	"MDS9"	"MDS10"	"MDS11"	"MDS12"	"MDS13"	"MDS14"	"MDS15"	"MDS16"	"MDS17"	"MDS18"	"MDS19"
"feces__J401"	-0.0557613789142581	0.124519034239168	-0.172120244584035	-0.350329849401156	0.018073004996488	0.0733459616407687	-0.128179923166738	0.0626147527556925	-0.206639475507257	0.199147894785432	0.0639199924837624	-0.211809776385047	0.0934028180145254	0.153228473771602	-0.0794229943728703	-0.0851089197904648	-0.00543666165896013	0.0800656573391836	-0.122248398107625
"feces__J402"	0.153465337914865	0.155196063883007	-0.222942187647775	0.0417887209921601	0.0838128997163972	-0.322132767477399	-0.00288980454884775	-0.00276241637474651	0.0837561627855443	-0.106948577435051	0.118151413068988	-0.150330004183716	0.0989329836810146	-0.151305684678602	-0.0168275247808482	0.0408868243925242	-0.149067247619783	-0.205404676034708	-0.104050144017183
"feces__J403"	-0.406609849484454	-0.0914207749295503	-0.00143144001731352	0.00535943260266143	-0.0473533751886107	-0.183486092016159	-0.33803900531345	-0.265495910158031	-0.275203924915449	-0.105867383895756	0.101838532669889	-0.127017722579808	0.065479543742586	0.0254754851827463	0.0130160494012265	0.00876424383056862	-0.00182566057880698	-0.034333258640892	-0.00340673700036913
"feces__J404"	-0.152483317257654	0.0579215160444821	-0.262301239943491	-0.230633298268171	-0.208281265617634	-0.107181391255865	-0.0331238270868366	0.347632350338064	0.0227049061942153	0.0365669783193453	-0.281984896035444	0.0580958724838602	-0.0530329239918832	-0.102074517077952	0.183060612959342	0.107149436446957	0.137083621335992	0.0430234002020789	0.196555633999356
"feces__J405"	0.184798813301832	-0.0851050913891389	-0.0363215058709073	0.0239695255384921	-0.312390529629257	0.273399336866585	0.110496389510841	-0.0942667016187463	0.237467050414707	-0.0410733548143365	0.0973977019658283	-0.283803454179638	-0.0692565285529862	0.0148261378236243	0.126876108614142	-0.0234573792196854	-0.0862534041235058	0.190317583290212	-0.121846449963679
"feces__J406"	0.0318471165352854	0.00827241992489576	-0.141830644352927	-0.118278790492356	0.309470040633838	0.16768793536807	0.00927022439563997	0.0923075502755537	-0.0862606104288623	0.0639169491891456	0.0181383909982413	0.276458459788379	0.195089236015523	0.152376678725644	0.131295982947734	-0.132641229611568	0.122692785985943	0.0019467777116684	0.0443286505328283
"feces__J407"	-0.184676206986498	0.187374179201209	0.0127619086363374	0.120548210641251	0.0675859477157239	-0.200314756322437	-0.0238091717265114	0.111235022500643	0.434097042049952	-0.168818100007705	-0.117725967491449	-0.0205905008421696	-0.0615599938676514	0.194763879793841	0.149251914197983	-0.132899518527631	0.139406252794317	-0.0356447652417566	-0.11884969289625
"feces__J408"	-0.20114561268423	0.22443227616334	0.181229258946284	0.0539190342013807	0.0796125209124247	0.0664158972995865	-0.0506618150501714	0.0266973101793368	-0.152003172364807	-0.0614894092199145	-0.121160354873878	-0.256070641908825	-0.151681588144337	-0.0063638009176802	-0.112849339507087	-0.178233708567782	-0.0732314151304255	-0.236983845481577	0.124090425352123
"feces__J409"	0.0482763782215297	-0.139662883041065	-0.11974337046253	0.173502590518007	-0.0334024041213808	0.126155369567269	0.00720416021326656	0.103221763086983	0.0197170591631006	-0.0968824447697739	0.0729247630711831	-0.0957073295796795	-0.440303252558739	0.0202154357404489	0.0688056057056067	-0.396900180549411	0.134017807098952	-0.294859485305874	0.161159413089243
"feces__J410"	-0.131848631797358	-0.115289990561949	0.156957367962425	0.105363955580921	0.134479790671055	0.324566935560728	-0.135038588412317	0.041197297666738	-0.0176587388457841	0.105746698874796	0.0506629858600061	-0.0709676999139946	0.0811216864390923	0.20186441976201	-0.0979000097963257	0.0637499786982668	-0.160170831894234	-0.0353721846630481	0.0605557709902953
"feces__J411"	-0.0499255779924466	0.178125423824219	-0.293626646151809	0.193675473981627	0.124999094655863	0.29129160366388	-0.0703981220520343	-0.120109049636747	0.00524022119313966	-0.226934119783132	-0.243122095191476	-0.0244525711489397	0.0994327864342611	0.0203090087206942	-0.384242318933934	-0.0534305807390209	0.0310662176223279	0.0977183515203313	0.00713086374021507
"feces__J412"	0.111744931012739	0.0647752237209922	-0.0638657522515639	0.149676661934732	-0.0261333050877716	0.042594187791418	0.0612976673000756	-0.166557139773937	0.0252175635607024	0.0771014068814638	-0.150257328116102	-0.0346954915939821	-0.0669445107679494	0.216602497895137	0.0579532353504511	0.0699508006569284	-0.0438257451523185	0.4306540374685	0.306365202261092
"feces__J413"	0.273795888387579	-0.0642329021525314	0.408433864094106	-0.0423234642255732	0.234003121198651	-0.117277102160641	-0.13064282841311	0.250174012805129	-0.0727781080615281	0.190809775866564	-0.026120466163324	-0.0384707240370456	-0.0217708509897569	-0.0529360841942194	0.00391235304890132	-0.0485970565782187	0.0859542181345225	-0.0626927285199887	-0.121738349394933
"feces__J414"	-0.0821805451496682	0.183822849674856	0.209524109744958	-0.120075542527957	-0.291226928975995	0.0101479886271794	0.381204739753517	-0.00596561654937746	-0.0982856971172811	-0.18164051266861	0.180550889436701	0.139596007860519	-0.147243158450216	0.060911235041467	0.127399493916028	-0.0832038926493501	-0.0175100440165984	0.101353460122563	-0.16651473319752
"feces__J415"	0.0912223026462152	0.0545186394518677	-0.0218655496357304	0.0225436969349825	-0.228393937437491	-0.111844784824483	-0.146673144770531	-0.0299619904600387	0.063530389854088	-0.157059099056994	-0.0581199348301082	0.126231728877466	0.16780085028636	-0.480283886448583	-0.0222729724303189	-0.161187103248801	-0.0775782102659094	0.151883506741543	0.261856689493837
"feces__J416"	-0.0977423685240992	0.118905025868078	0.0558778007976211	-0.0704505656904357	0.132368293144209	0.00639706737301022	0.222212193339742	0.211594282738055	-0.327165814005215	-0.316999163073441	0.181500156153062	0.1147762453695	-0.246909767416158	-0.0449237903790747	-0.223735887282306	0.186090589921343	-0.089492448715639	0.193509092404516	-0.0104102369213079
"feces__J417"	-0.0835720052122762	-0.167508391321537	0.102404332475135	-0.249734364098628	0.159482287072629	0.192245099262788	-0.108751096975178	-0.0165584968354151	0.250275247769918	-0.0440269202369123	0.145127479834792	-0.0629486166592159	0.0763852459208892	-0.19373260493388	0.0383734081983572	0.118331581496276	-0.066792021668474	-0.126988303545631	0.104352932772711
"feces__J418"	0.0860037507226717	-0.0425551762343094	0.156863554180662	0.204633564866601	-0.0610422766573494	-0.0298589896004111	-0.0917671218824167	0.164005150005418	0.11864827168951	-0.0851012125854811	0.384145939568663	0.0890688418585473	0.0796047363826229	0.00728614003064988	-0.146451798863325	-0.0244416971176888	0.0277392978916666	0.040919230191266	0.312911948294446
"feces__J419"	0.158461172763989	0.25704480960694	0.0383446398605384	0.1750453297357	-0.065793743601801	-0.132918348916367	0.0203653967320573	0.105848340190888	-0.297741695690295	0.256906105398943	-0.0344139249318474	-0.051367957904148	-0.0333185340180966	-0.0235761167448044	-0.0205468505819849	-0.204045590102413	-0.163296678270476	0.079025323537618	0.0292274852447738
"feces__J420"	0.134707035713094	0.184805946375204	-0.112328694723569	0.226490241999443	0.000940924031828102	0.0159602247193709	-0.235558002738553	-0.0305910745307266	0.0847918869329262	0.113760134135523	0.383036443337349	0.186467036419914	-0.042404430101459	-0.160892161872903	0.0241964436139015	0.189866095833688	0.118956477124431	0.0207606267476987	-0.0811826984157739
"feces__J421"	-0.0744720546300569	0.0967266199701694	0.175270561679302	0.175413338898551	0.214603743001433	0.126789220262605	0.0136130161154566	-0.206200692628013	0.0561023884639964	-0.147829024471628	0.0398535763073613	0.0360857690527623	0.0335890199163653	-0.116447767185007	0.344133329654217	-0.0470425211331625	-0.150568222564641	-0.042906503740675	-0.20552146354529
"feces__J422"	0.0688378365598889	0.0606374674746361	0.284059759155435	-0.275101585505532	0.106484670509483	-0.155639231997517	0.141567973366149	-0.119342226315305	0.00958441276985625	0.0703041899199433	-0.0325684328207365	-0.239633514350283	0.0839182607582412	-0.17155519134288	0.0709792590558573	0.05348986922538	-0.0627342728396918	0.0659303252288369	0.211821130435621
"feces__J423"	-0.188370361101836	-0.0875582381936995	-0.155890438791509	0.150708501657178	0.0636483643814271	-0.253584680286686	0.330477449070219	-0.0939016819757588	-0.010869697065685	0.146578280248687	0.114487657489169	-0.067114695161021	0.120733971696598	0.014718889531903	-0.063862109847175	-0.207254279246543	0.0049572474020062	-0.113454534853799	-0.0264945673314474
"feces__J424"	-0.0469480825822467	-0.101324942288674	0.192642002243486	0.0411078444461028	-6.66795103527297e-05	0.148365588455649	0.100038870027889	-0.0645465504450244	-0.00572231247157115	0.0825552796291852	-0.156891351862201	-0.093797700878977	-0.0977092407816259	-0.275529166842742	-0.141862640748959	0.047619540932159	0.561307647862453	0.0726497843666815	-0.0757754256236167
"feces__J425"	0.302429233317692	-0.0778653770956239	-0.109266562013954	-0.0416361514901972	0.012676933708323	-0.109420365001873	-0.216324307221378	0.145073897107529	-0.0122088025499373	-0.0609460033324515	-0.0351452959187242	-0.242119253111224	-0.106207866640639	0.216112876878768	0.0689185647950198	0.00804448012296204	-0.183323380845148	0.072075712388649	0.0570293499464715
"feces__J426"	-0.227472266695352	0.0724436764818858	0.046390278459159	0.0220445480036315	0.0325124698308292	0.00499383457227859	-0.00316167082102085	0.174754130408383	0.161186260587993	0.288092718705299	0.0905930055945659	0.124274978810259	-0.210376824087137	0.188867858754066	0.0724821600834573	0.261879552214204	0.080285671658867	0.0559316744446767	0.224783015471892
"feces__J427"	0.118331273412716	-0.0311947028854913	-0.313693019502845	-0.0862832153883728	0.290698821425929	-0.0593171535112522	0.0628943196824377	-0.247089888302439	0.0519573965764234	0.198885537712528	0.0899517958639599	0.0576578786411572	-0.283470977448824	-0.12803242783413	-0.0271957382828151	0.0508205572049874	0.137294835109379	-0.01811054422323	-0.0550143503255521
"feces__J428"	0.0924698288827282	0.203714830070913	-0.0304626896934569	-0.0706990753584138	-0.304404586509644	-0.0401412077628308	0.0586796695426854	-0.244513810824661	0.0429797805041526	0.259805875050076	0.0574511938900621	-0.161637277634969	-0.0204983937992459	0.120612567094246	-0.14199716922929	0.250452978814953	0.0848251097006222	-0.268436033416194	-0.119916694453955
"feces__J429"	-0.0959906165798889	-0.497771813894834	-0.0239689841551708	0.167659647282453	-0.173909681812369	-0.0917855706079477	0.000119148367380814	-0.0914714112215189	-0.251453178127972	0.0231336852787944	0.111896671284193	-0.140534479448969	0.126321884484015	0.0499783278710678	0.135619116584529	-0.019888010959913	0.216865842859709	0.171853704332224	0.0119241893859591
"feces__J430"	0.12923100536771	-0.121164923752634	0.0554073822962169	-0.17329832117965	0.0725335161952115	-0.314444194146684	-0.0948546480178011	-0.228084049616084	-0.0313731737192852	-0.155558962046308	-0.0653862509274897	0.360725546219452	-0.0277819829709986	0.286360908830331	0.0514235997586221	-0.181522722297051	0.141488881952257	0.0466836223374349	-0.0337777496394586
"feces__J431"	0.114630744370581	0.151200653025853	-0.0318158479810691	-0.260819657744594	0.0720532912289731	0.166554174446024	-0.190874236666614	-0.17941399730796	-0.0763874645660516	-0.218746897025618	0.050513562509552	-0.0689177981275781	0.0224561974393626	-0.0106637636365043	0.229082293504438	0.00571849670177431	0.104466204381972	0.130549635193372	-0.00449486784474866
"feces__J432"	-0.11283731730537	-0.194663913634453	0.0514053878526678	0.0702089055740444	0.0153496872146327	-0.119011522280985	-0.0375853114106875	-0.198388892896266	0.0392650805364739	0.191407188498191	-0.215719918026919	0.236782951948844	-0.172829127496868	-0.151145927412995	-0.178272010505864	0.0887026164802479	-0.362238498435629	-0.00258716720443144	0.104919515190016
"feces__J433"	-0.323195595396019	0.030387972884152	0.0118903772345812	-0.0871864177460733	-0.0855441633374337	-0.0610714754545432	-0.166993619115368	0.179863412983447	0.188016576122657	0.0789099821311149	-0.137785818864911	-0.0300785086078007	0.00142259353435868	-0.167545768656305	-0.0189924185082135	-0.100690448982225	-0.0035103227639836	0.15589144832998	-0.276454296397232
"feces__J434"	0.0106314688276526	-0.277322592073257	-0.159117102278954	0.108369971243325	0.151199793771234	-0.0158219530819692	0.21192567973036	0.300675467914693	0.0595989361099106	-0.0147355307073425	-0.0397765489836842	-0.162312141527209	0.174154594268506	-0.0222358503648705	0.135503162838755	0.057457218527661	-0.197242758196764	0.0766099908015619	-0.158532746947365
"feces__J435"	0.118476841165258	-0.212815502864816	-0.0130727182065965	-0.32978684253131	-0.0258800126693637	0.0932389572373564	0.181619046182077	-0.0211294216493827	0.192017404391919	0.0268875802078096	0.0309088337874898	0.111709663667286	-0.0094018443801904	-0.00872381230094115	-0.4011978648367	-0.293455887927077	-0.104600008176283	0.0261699908606136	-0.0659229002023889
"feces__J436"	0.0691162837110038	-0.244709676126665	-0.107677759250921	-0.071430911114775	-0.107113727213059	-0.0126188732555834	-0.022429464188779	0.0879424356063692	-0.132858593098567	-0.312042059940792	-0.0857047448645478	0.054116573396888	-0.196728731403601	-0.00479161076154779	-0.0228844578413369	0.409816425207773	-0.0794595257512511	-0.291229366357239	-0.0754085096971329
"feces__J437"	0.00897989149432094	-0.0327708689328987	0.201039030722754	0.0930951484922192	-0.0461642206388355	-0.0457777852934205	-0.0712689043139603	-0.137869223995903	0.158856147910111	0.00450947953007086	-0.214784278415387	0.0975111949614229	-0.101034844438363	0.199591022389524	-0.0363922029450323	0.112240602509429	-0.185673115695517	0.108375099247002	-0.232802040520895
"feces__J438"	0.180530686276956	-0.00191029533962573	0.0752535029889157	0.153924519147106	-0.176979373463641	0.024375493223637	-0.186493421830936	0.206340517669121	-0.0950337297353439	-0.00113221809105311	-0.0849915395083982	0.147108491464285	0.2013766279959	0.0209962383999764	-0.207058176228231	0.0203127776807176	0.143078878610609	-0.0111016069361735	-0.331467593111626
"feces__J439"	0.00215822732693733	0.0309484332083014	-0.118760409901533	0.124804867288518	0.0594907709835644	0.193360643017157	0.188832646261063	-0.00216234082624357	-0.217417189269814	0.186199700342261	-0.124086684896537	0.188079082843148	0.0551750883125471	-0.210462618084796	0.280208289737005	0.0548828096282704	-0.107286134698655	-0.0191721955987134	-0.126240914033336
"feces__J440"	-0.183482093551342	0.0472100194153199	-0.050474211780313	-0.12067660708449	-0.208219764300773	0.108798672686511	0.0402209392091639	0.0340078008987753	0.0687628231605096	0.0747564846642347	0.241329352840822	0.204968136684071	0.286269356895539	0.13033246347535	-0.0155950835268833	-0.0509828478782016	-0.120993963102389	-0.15647377025771	0.0573855837488393
"feces__J441"	0.15954819606017	0.0121175858978969	0.087137241092415	3.01518498825519e-05	-0.190817339870952	0.171801315146998	0.042454857345577	-0.0641389118329029	-0.0850179604961108	0.0136547291506968	-0.287652708256735	0.148254956807537	0.151246592348276	0.0649623253217788	0.17714289992161	-0.0404214591897758	0.0133249738241764	-0.403949974909494	0.201847595128144
"feces__J442"	0.0490196378516413	0.0817473903053664	0.0596846587749727	0.0948607764367136	0.157037328643567	-0.144837261533815	0.301023649577641	-0.0146639993555883	0.0783063292950088	-0.185805661357805	-0.110981797035739	-0.12359155739106	0.346551297740144	0.122829680635543	-0.130074314837685	0.259177557788915	0.207298600814882	-0.0541970898770767	0.159826164510823
