"MDS1"	"MDS2"	"MDS3"	"MDS4"	"MDS5"	"MDS6"	"MDS7"	"MDS8"	"MDS9"	"MDS10"	"MDS11"	"MDS12"	"MDS13"	"MDS14"	"MDS15"	"MDS16"	"MDS17"	"MDS18"	"MDS19"	"MDS20"	"MDS21"	"MDS22"	"MDS23"
"J401"	-0.13336463286963	-0.0697804909465747	-0.221754139483408	0.102535890212118	-0.0730611953307561	0.189621420437475	0.0060783127993365	-0.291253104878812	0.192275284702498	0.123078482538941	-0.0873763233811992	-0.317560730640336	0.0817366317429206	-0.184414804586925	0.0683063741218976	-0.0100094152104438	0.0851798595646575	0.139267965351511	-0.140326695626347	0.0501457111602197	-0.191031710029028	0.155117572997847	0.0162714415008965
"J402"	0.110669166745549	0.128135294520494	0.228738893898505	-0.0222546903169194	-0.350721936830219	0.0829992411025544	0.0504418832644396	0.113939304888753	-0.00090599045379974	0.0874444769494765	-0.117840414564486	0.116821467565913	0.0494019858102459	-0.243329222153583	-0.0100604631706578	0.0749593884134799	0.193700463677524	0.0885280296790292	-0.0486222513948724	-0.0676124301809059	0.0833988740814608	-0.142758495561304	-0.151961678082982
"J403"	-0.357570765059442	0.139045463234175	-0.172730123722599	-0.149365260156572	0.114645298660115	-0.287742802522884	0.119917139075496	0.292861917256023	0.273756169339303	0.171409607121158	-0.0940020605985968	-0.0421837853503577	-0.0502037251127607	-0.0870016667967087	-0.360345364527727	-0.206022793867903	0.0795178726155066	0.139866642023141	-0.186958065033686	0.0236379607586243	-0.0646838920175877	-0.038784451683788	-0.0260872616191586
"J404"	-0.0515061594876266	-0.0197455454633713	-0.0972387376807045	-0.138986024027796	0.0452365605160841	0.496120872779869	-0.0782827469500438	0.0209249048096079	0.065530892394963	0.201551537439162	0.345344401792765	-0.036392272929215	0.0359902758195569	0.0799483572210928	-0.102231234586812	-0.123841287994352	0.0390066027127445	-0.167830128279644	0.0643925916527871	0.135425225934919	0.214599875565632	-0.0403568100173331	0.155569721992504
"J405"	0.111568260707233	-0.0951559829988877	0.0288170629929808	-0.054425210530217	0.225167027307902	0.0144449998060251	-0.0532967798075588	0.0222595150672908	0.057302059039487	-0.22207128608192	-0.251607508136204	-0.193573938115575	-0.0642270161426345	0.0608438064708567	-0.0507213449929493	-0.341604889434563	-0.219574359948686	-0.33197637219446	0.100193064251828	-0.0915327182500985	-0.0212911788973827	0.0826699059404213	-0.057951847457851
"J406"	-0.0293973624392488	-0.149383913864227	-0.160978680730415	0.258687180993091	0.00389953969380002	0.207771474741027	0.112815123125071	-0.158485504759571	0.276395501523127	-0.240147497992543	0.067142128742148	0.1604058160096	0.0439672654793118	0.0292894318695661	-0.13619543076891	0.11360134932855	0.00710116534393332	0.107995990282184	0.156589084233086	-0.00557934234865767	-0.075188530245247	-0.0878032939638426	-0.371962983659581
"J407"	-0.137120778097794	0.248081649760413	0.181670242004852	0.00408259641541061	0.033726220893174	0.262948030497573	0.0568783628374455	0.0133809143805966	-0.0323128286133256	-0.232721953379973	0.0173446608381588	0.0310134996807599	0.120871336654996	0.0148686211360883	-0.195091842786591	-0.206068598679312	0.0438170985358977	-0.00904962818890015	0.0438429041260847	0.166432148467197	-0.103579987369797	-0.130604661852466	0.129223940527491
"J408"	-0.177189002661195	0.205343492050823	-0.179645397306101	0.271547145732634	-0.0652612212664541	-0.0363710604523849	-0.0927090700596548	0.155842197744666	-0.143811618668558	0.166736856016149	0.18822148191334	-0.10388597410312	0.0706534666844637	0.130401383582098	0.11479064885018	-0.0484043503741702	0.0708387347021644	0.0491134351700102	0.139514459725155	-0.0871284029023824	0.0177669730586415	0.217387298368805	-0.0983717073439203
"J409"	0.0707496101967461	-0.187452925759597	0.190131935945393	0.0672780435738782	-0.0562379538171691	0.102612208557346	-0.185907736283018	-0.0629429259169583	0.0927106258305441	-0.0267393606860541	-0.0743896486287465	0.0562018996485934	-0.0184125895769059	0.306410245959245	0.164658126878923	-0.264281647595247	-0.151505498946129	-0.00746491666185913	-0.303032362124525	0.0151516281815824	0.0913375983976876	0.108694135219896	0.137832294122188
"J410"	-0.146147475908466	-0.0123913950377873	0.152631979481126	0.141401868127094	0.00264956841505561	-0.15307683134597	-0.376968916406984	-0.130544796514827	0.0559935988832674	-0.201468627906891	0.084893381277733	0.12323189216016	-0.00650480081459327	0.0538934986257327	0.000985129239590593	-0.0502903767729129	0.247057138864705	0.041481547711573	0.153843002807784	-0.167952559734657	-0.225744514521903	0.0649635195520636	0.12516219348428
"J411"	-0.0476919782053756	0.115881405619238	-0.263524693691718	-0.0112404227335015	-0.320544594568144	-0.0515192590457436	-0.00543707545316584	0.193556431064576	-0.112964873899724	-0.250834637351175	-0.103478231471864	-0.00155091986407621	0.0683734984925066	0.121817390836541	0.0857285105890924	-0.144311121761783	0.209450070918096	-0.0336940461108069	0.1271408329594	0.0678872500409252	0.320568486250048	0.109250211448185	0.122769471934813
"J412"	0.0713769999834772	-0.00392772667392304	0.0847148924141461	0.143991278065759	0.0542571652212399	0.144750159484024	-0.0387483011030849	0.0941253482395929	-0.0573998852690197	-0.0874909814754191	-0.186466453506638	-0.215407702025693	-0.0207575770543822	0.0743174807968382	-0.131965341834248	0.248463797186004	0.19311529279229	-0.146148159804049	0.220653546495815	-0.124058312879519	-0.213684230945506	0.0341618535887454	0.0838247357861812
"J413"	0.271442359970656	0.00164474853024345	0.0644360964440727	0.285642440804588	0.1442497091368	-0.134543896273703	0.155476562737417	-0.145837655338131	-0.182209038532619	0.061860964714123	0.230993697266941	-0.129561973085025	0.0817495238156576	-0.0189792001962286	-0.241230583589179	-0.078202773076856	0.0722475665298953	0.0273214567924058	-0.201416278044204	0.159486810419989	-0.0313326769650671	0.314756963395286	0.031506598089469
"J414"	-0.0268797063428845	0.112566689210687	0.0675573914421816	-0.0128049923060581	0.195623760252135	0.181315136274568	0.063783322248816	0.00196077434099256	-0.317383185129322	0.184126948740742	-0.209465709781901	0.0378744009253228	-0.217588121887034	0.0997454011428001	0.244466463013856	-0.209121032642677	-0.0972236770361686	0.0300991983114931	0.0361411272477765	-0.113563802624763	-0.0291888120599033	0.0097526730834833	-0.495293573569068
"J415"	0.0898647228468126	0.126217292708279	0.25993948287487	-0.0779756398488554	-0.0448258698767337	-0.0507957228762767	0.0522844133640004	-0.0131682007839133	0.182010062333237	0.266205581993764	0.192319736441731	0.0951128981157999	-0.169618065584282	-0.154497851962699	0.1077302556309	-0.0658123289532634	0.261820224076545	-0.312059985018135	-0.127389916160555	-0.00780382546079233	0.0488443625728349	-0.0169079572712805	-0.142992144866302
"J416"	-0.13834261870518	0.00886276887350262	-0.0796624657713217	0.196716003573092	-0.104883473268376	-0.200652743363109	0.214625229830464	-0.217219133731898	-0.304663898407357	0.172230380187485	-0.11372275565118	0.160907323459188	-0.159611775175256	0.261517663655945	-0.00733904166496835	-0.0228688406836171	0.0676902196472931	-0.113803427532305	0.0755698224884029	0.177916090285322	-0.230915786029718	-0.385515108688776	0.038907669848134
"J417"	-0.174618938128101	-0.187718819395989	0.028975636067937	0.0633653513960903	0.217239937494952	-0.251190740694872	0.0106309589109613	-0.0844688163893444	-0.281105774960662	-0.241766325777042	0.0128516861566855	-0.0597898375833599	0.171545214349207	-0.166783797307393	0.273744816877764	0.0212241646681322	0.150276609114116	0.00187045052773651	-0.329418018613428	0.161312292537013	0.240276814255938	-0.0330889667227314	0.0340591512840199
"J418"	0.0958751852688747	0.104615805718426	0.243237967433933	0.171121417308458	0.0384500093788288	-0.072898782379862	-0.25577114609358	0.010518625491583	0.102222569109858	0.00543412984453192	0.129892732653932	-0.0602827162985976	0.12420529017413	-0.021482088295603	-0.00751686070171259	0.165189542909212	-0.170226175749553	-0.000876355726970638	-0.0104503108688118	-0.0400017664726564	0.115439158910648	-0.244618394926473	-0.103570005556363
"J419"	0.165856882572643	0.185764303352311	-0.0225636520836656	-0.0336517214663063	-0.132920952764728	0.0627754189476939	0.0356738606666463	-0.119660211195504	-0.205842756695118	0.176830996304604	0.0325791465052071	-0.086336667923851	-0.116679325807709	-0.0946159641647754	-0.186230202525005	0.101749996277054	-0.373095420438143	0.188109285311043	-0.103300121758712	-0.0953443496237695	-0.0153417640470727	0.169866677160163	0.157687148557153
"J420"	0.0988442818953631	0.182966181882469	-0.0280487888892224	0.0633225442241377	-0.185363155782542	-0.0942150074391055	0.115490257530855	0.107330709778425	0.040352451866877	-0.181253370419422	0.0452039732162786	-0.280000640959083	-0.0514308638955845	0.103200485267431	-0.101528090496926	0.0602772381522378	0.0114567649623598	-0.315350215108787	-0.289573341229711	-0.340023367401143	0.107855731839968	-0.136866976370343	-0.104803383304574
"J421"	-0.131297416898819	0.0754417662890924	0.0235982881084805	0.313517950053187	-0.0348209066309183	-0.00691381482073942	0.036884012279601	0.19555972379283	0.0871647833803465	-0.122648606704663	0.0873247845517031	0.368284257227744	-0.119307962018636	0.0848581680396654	0.00897293400126324	0.1752766568791	-0.273514226618852	0.168241503651861	-0.132733127128098	-0.016116815677558	0.0407351201629104	0.184686834869491	-0.0317254643576671
"J422"	0.117288974815291	-0.020681090496101	0.000463816183372526	0.0951648875626203	0.195489244727219	0.130668003726148	0.0959008132596846	-0.0737051812663164	-0.123343238886495	0.144800871054485	-0.0280662640876637	0.0189313263837284	0.121010665042716	-0.232902563826798	0.154952324578271	-0.0483798504838448	0.123126241965364	0.249293146863174	0.141996079018182	-0.365315330905796	0.154092830161464	-0.295374989062347	0.320343951451798
"J423"	-0.192500838227176	-0.173494546878989	0.21533071129254	-0.264446281496788	-0.189703193606302	-0.0684989604406181	-0.0500951323757137	-0.151575169062493	-0.256532529128432	0.0285522464684034	-0.175810893037513	0.00516575094207522	0.162729248789099	-0.126711739780882	-0.301018674207966	0.0439361475371864	0.0205128631464249	0.00369500802054528	0.0659063680089442	-0.0078779492313866	0.0591204210594156	0.124768391015556	-0.11503057405423
"J424"	0.00149925307089629	-0.114017451350375	-0.102853845719919	0.291575589534063	0.156517846392642	-0.158270514340988	-0.342906001638651	-0.027972999080506	0.154863730658236	0.360742836791485	-0.194321343404693	0.131444676016462	0.0478748249585205	-0.14896439240287	-0.17366879488749	-0.135852190634748	-0.0431425040197201	-0.174372017793403	0.0999875257589386	0.0216096226866028	0.159666257751647	-0.0552684922256796	0.0467428541287271
"J425"	0.187004460970579	0.0550470706314278	0.103810230302218	-0.165201665731681	-0.152928679377899	-0.180229383336413	-0.096077628148326	-0.0586342467710499	0.0602637540408425	-0.0495766366064386	-0.102870485856428	-0.13609444939671	-0.145309275437076	0.144216061137912	-0.0577647718197424	-0.177723472723289	-0.0222576349364901	0.306286605591003	0.243602173238598	0.102540979672227	-0.0406136101839255	-0.044090064193299	0.120421393528249
"J426"	-0.167186357455569	0.0540904629576062	-0.00664199190044231	-0.0247413077140397	-0.0180749781082326	-0.0203581081429739	0.0595661387028709	0.156384674451741	-0.0377114961988678	0.0374150808768483	0.0980169333332744	-0.139086373747923	0.151368633026728	0.0127153147847654	0.146647215994359	0.061252288433901	-0.399031245724382	-0.114132065044954	-0.0752700305674897	0.10353779380927	-0.306111987237393	-0.314927107753388	0.255362465512964
"J427"	0.0488321635706794	-0.177424193569046	-0.0420105303307883	-0.0723084729683081	-0.274037567092414	-0.0921424516788445	0.150319940359211	-0.165477794175801	0.230939483380346	0.075348542772184	-0.117368311164008	0.0980245824428345	0.449407038177445	0.132349988269107	0.0853829165131741	0.0426069275702782	-0.196338626822735	-0.096734983679969	0.0154269391633575	-0.0491484334736141	0.111984686335921	-0.0992851068681653	-0.076441589167894
"J428"	0.081299313468339	0.221378162308469	0.0915195764446748	-0.00680041268272551	-0.0763680672979267	0.0239511711670112	-0.0304900152755342	0.0801389289526479	0.131498325359816	0.174910280923753	-0.299319880209232	-0.103542266414086	0.186986246629903	0.064626082789076	0.306937023458861	0.158504210557193	0.0139628239119528	0.0789093350261947	0.0669853369973905	0.289833917114259	-0.0481383868180226	0.2718140096319	-0.00817325041161633
"J429"	-0.0346908604560653	-0.458239596625421	0.252540696278106	0.0228083436340161	-0.0157381090050057	0.180303683393152	-0.0027516421418861	0.419613689954884	0.017420760125868	0.00759423339535933	-0.0572859948162701	-0.128369885549294	-0.11725832458586	-0.054715004554907	0.0280314601250139	0.0836795797829618	0.127062405147483	0.156317109051707	-0.177984712237079	0.120520329062981	-0.224893221808578	-0.0572766847535694	-0.0283600721406993
"J430"	0.0635629676689598	0.071991327799539	0.155356438896927	-0.169306628730287	0.359873599267568	-0.0357313439013619	0.259041791128726	-0.174188431696412	0.0834552875158942	-0.0671473598838809	-0.0735416148772835	0.0646793397469633	0.14045775215576	0.2120808554848	-0.233326861386835	0.141977844898025	0.012272438426147	0.147139629353963	-0.0191660301599955	-0.00721629310405424	0.126597175340064	0.034415626286317	-0.0480958151514475
"J431"	0.0514066426338637	0.140949076436443	-0.043043595114197	0.03833703346237	0.0570803487746631	0.00354150105230058	0.348672055880263	-0.153860655438648	0.306308419505887	-0.186654326412606	-0.122536359781545	0.0748758387358508	-0.260551589554864	-0.226872708088324	0.265015533795649	-0.119006730045897	0.0531103988137082	0.00516234911552701	-0.00677787739795642	-0.0385054619040707	-0.0374529363954181	0.0544395961779225	0.212554089313009
"J432"	-0.0951627653226131	-0.122922402647083	0.198416911399807	-0.144065138292814	0.103877802850961	-0.128173869980466	0.147031690087992	0.113489276062434	0.0658812709621518	0.123878496162283	0.0741575550740487	0.218986129803082	-0.21750634903818	0.148280151365605	0.0516054451604512	0.245650666208268	-0.0231154619148206	-0.134863911575934	0.217907861335446	-0.0159231107749049	0.142698899562641	0.199270289169906	0.278495912744473
"J433"	-0.389364584292169	0.0853281205862703	0.0937169684289512	-0.0762494961442738	0.0745819342890931	0.112929264978099	0.0604845828369166	-0.124635908403933	-0.0458829863475925	-0.0569606369140823	0.135972333587031	-0.219684685714145	0.0106783649608995	0.0673413407327256	0.0407504177251468	0.210898574377839	0.0161993328132556	-0.0713937904462536	0.119786837892189	-0.0689628681367708	0.149623486632241	0.065686195106626	-0.0388712440516808
"J434"	-0.0153727216741968	-0.261152857717445	0.0450698507459049	0.0153362116482959	-0.297208288887828	-0.105733983822543	0.0824730874118042	-0.160788074088165	-0.0181473922237386	-0.0845069247605572	0.305760031662916	-0.126210704849643	-0.312651852023566	-0.242837113832617	-0.00648394774196027	-0.140194870996631	-0.175096064761705	-0.00589734473677158	0.225868888917721	0.174835435395208	0.0732715346564767	0.00331112658869838	-0.0977366931022105
"J435"	0.0986962723408237	-0.277758855016375	-0.262006299119005	-0.168973317291294	0.0807654926803473	-0.148606763403689	0.148635290538118	0.0941115510969021	-0.00236645793575859	0.122673787819026	0.115798723699496	-0.0408316507557042	0.112995747101144	0.00414575253775207	0.135892934438631	0.127524245735138	0.0279160211479112	-0.164562441535916	0.146420146686877	-0.194113090729774	-0.220384823417196	0.17418648232229	-0.0598507537442516
"J436"	0.118378289834923	-0.190246611591428	-0.16136218500571	-0.122173399122355	0.0317836051850912	-0.0293886854608738	-0.00142176899650663	0.125849495073722	0.0272484215847721	0.0566298742890354	0.155855974289977	-0.0982186883749891	-0.0694686336531656	0.326557262073142	0.0262068624670007	-0.102157211284507	0.0913935913774319	0.396874666766181	-0.0471804285460906	-0.142253443814189	0.170299956208325	-0.17508816045736	-0.0791628456245062
"J437"	0.109287384174143	0.0819262602215599	-0.0658885262261593	-0.0528565664993358	0.161485938919502	-0.148417908791574	-0.116091091009142	0.243207730201876	-0.0539268183483814	-0.18630168219218	0.0245210759951724	-0.0629828746109464	0.0237459621566613	-0.352744824485565	0.0371377115761183	0.063496642957822	-0.236567913898693	0.0790956899903856	0.223082581208718	-0.0108257206674074	0.0682757916406161	-0.0342944838530919	-0.10080836885741
"J438"	0.249333355508691	0.147681568402224	-0.0809535827569546	-0.2500709406269	0.00336854080631412	-0.148887232079429	-0.257823603855027	-0.14212569100682	0.0306424824648215	-0.0521859782548861	0.216126576381633	0.0453065720667368	-0.0156389515509191	0.119238582962753	0.0597187249282247	0.109704515215968	0.157048715647731	0.0120215296412443	-0.137851803343923	-0.0423118292786868	-0.310636695503227	-0.0396113199577906	-0.0213516262430741
"J439"	-0.00647562564227693	-0.121379690732799	-0.246834689674067	-0.055727571696604	-0.134864886429159	0.185049766113727	-0.120721597334227	-0.0315264592540119	-0.169413714553684	-0.0560390771019477	-0.228062085597074	0.233482032618467	-0.189120880657921	-0.0809440811247726	-0.162360845352169	0.150164100356909	-0.0257751263743845	-0.083596806240916	-0.2457323811144	-0.258932290784424	-0.00797050338870093	0.0847521277451351	0.177837182798375
"J440"	-0.222269122321569	0.117694530193307	-0.117159362878609	-0.343695697083808	0.0919269312699356	0.0555363032838072	-0.29099003975688	-0.192393048233319	0.0188340109223516	-0.0585088455652375	0.0494719065302675	0.159734043195199	-0.0657152250046067	-0.0970380276697275	0.155261082651822	0.0329472073843568	-0.087575926459709	0.0472944864186291	-0.117451271149041	0.017555280473894	-0.0542989539705572	-0.00946279513416204	-0.12337179283004
"J441"	0.254770068957305	0.021738360813425	-0.290265166903244	-0.0324231045841797	0.126931959167365	0.0700601911022864	-0.105183313709425	0.0234998693579162	-0.0328700510700524	-0.0547974089368216	-0.12691948588479	-0.00517819485981957	-0.193134670851577	0.00408438364646673	-0.0677919889554343	0.314209252965518	0.0899614668881384	-0.104358978457598	-0.0241536295822902	0.480307748529289	0.174902644524746	-0.177286782492183	-0.0360172381693008
"J442"	0.206543092993553	0.0104822946649941	-0.0655086140927284	-0.0966878142692841	0.00873698864002014	0.0969610191497354	0.118568777522273	0.201908425979373	-0.174275409601987	-0.0896346879992602	0.154658902526874	0.386243186407069	0.32494860340564	-0.121912659157624	-0.0300512266189046	-0.253140554579119	0.0291978803068956	-0.075819486512912	0.0399374778667354	0.0899672918324588	-0.218872477118096	0.0953196141406381	-0.0265803032388958
