"MDS1"	"MDS2"	"MDS3"	"MDS4"	"MDS5"	"MDS6"	"MDS7"	"MDS8"	"MDS9"	"MDS10"	"MDS11"	"MDS12"	"MDS13"	"MDS14"	"MDS15"	"MDS16"	"MDS17"	"MDS18"	"MDS19"	"MDS20"	"MDS21"	"MDS22"
"J401"	-0.133420464449295	-0.0473263754365961	0.26026664859042	-0.224211130178021	-0.0756430669630492	-0.0199973170122893	-0.242752982321756	0.366204891437799	-0.0790587960473255	0.102961236972259	0.163068564799466	-0.195070499049566	0.061784338197749	0.252704633069005	-0.1078304921144	-0.0637557928683659	-0.0548141197446987	-0.0167082780237516	0.00577822884185569	0.0483958890683476	-0.00682983739708799	-0.10851633033653
"J402"	0.111613780564952	0.124946131958202	-0.232951751049957	-0.283303627662044	-0.03296012521164	0.190350084876459	0.00615729861416973	0.00453611375346949	-0.120164802727465	-0.131299035083111	-0.183717158488889	-0.0421211337783922	-0.12410666517583	0.0163714157547232	-0.0675276618271554	-0.13519817140833	-0.110309886992539	0.000895212851281054	0.0665126854534018	-0.239318954369313	-0.00562415968918341	-0.0733262502457395
"J403"	-0.357451987578809	0.0606285985574709	0.00555828401342306	0.176294826551817	-0.145384528310727	0.0628022951883026	-0.145255045188658	-0.289835629868443	-0.246303780924515	-0.102019292643632	-0.329551869631694	-0.122248741315513	-0.0366554051209071	0.384865534748733	0.0553669189777402	-0.0837917583496418	-0.138845661445032	0.0631639774879955	-0.0960631992965771	0.0592234606534657	0.215336170647149	0.115531018022336
"J404"	-0.124527858361926	0.0226446954070975	0.0842185967461688	-0.140948128830874	-0.429219916541299	-0.229754417601933	0.0931858699756357	0.120375514715316	-0.243112048639819	-0.0123438209601217	0.0931626199112242	0.333685981578605	0.0219848050467154	-0.172124298384067	0.0279874083809506	0.131377863165465	0.170467472386391	0.037181574466132	0.0991674141392389	0.0377672634706365	0.120016877411797	0.135499024440779
"J405"	0.126080050489402	-0.069534923984104	-0.0168272152706281	0.192683012179663	-0.114600092234651	0.00597175821583034	-0.0229155772890173	-0.121096344817237	0.0568167686521474	-0.23401805746381	0.205771022968748	-0.200943174358395	-0.252278824784277	-0.0240714768494169	0.175837031962976	-0.0784686833130013	0.263244651395944	0.0053699725629804	-0.00590156282918619	0.2466293502246	-0.241584564612054	-0.0291401605665644
"J406"	-0.0357545051281586	-0.13899051335676	0.396322690189083	-0.126224352687852	0.187662621386945	0.0436970606905927	-0.0770078822153547	0.0334999000759233	-0.152421191898424	-0.164027388785929	-0.127188274913677	-0.0696611176329862	0.160285115742288	-0.143800997077487	0.203866101376117	0.0501323491095532	0.0227827265582744	-0.0727830122878563	-0.174402512875922	-0.0853163970981769	0.06671106385615	-0.160569575399035
"J407"	-0.143378407095823	0.253342634236234	-0.0605435735422259	-0.0226410609292629	-0.0091125610812397	-0.00278418965791148	0.20103745980806	0.0137691079281743	-0.140014152202514	-0.412264992430651	0.125669058052293	-0.0102031190226768	0.122363470244719	-0.0371206791980523	0.231293754316473	0.162619815000876	0.0672098963060474	-0.145194383424489	-0.0336742814789062	0.0973459478949937	-0.0844509400845433	0.017109588792724
"J408"	-0.130546848363981	0.212696535815898	0.199344085716091	0.0249216711669909	-0.00364132503219782	-0.213327222778019	0.147596445300152	-0.0511207764866035	0.0742362194925959	0.106834192093626	0.061544931013989	0.141823452679074	-0.0813138226776036	0.216945116143023	-0.190274519057916	0.144249457501206	-0.0705899769003276	0.130803254399774	0.15815201707459	-0.0773468349801505	0.113699451304616	-0.169119260961102
"J409"	0.0894244236706797	-0.189007750858921	-0.0998334101635074	-0.0815496034043518	-0.0210747680443144	-0.210516064328074	0.0111268971971254	-0.0899839178872208	0.18527412887463	-0.157184338302154	0.245928664864382	0.150322585184463	-0.210974756864883	0.143647506136797	0.287726339148385	-0.176867330780504	0.0604688131309324	0.114447139716748	0.0738777906487109	-0.115301434318573	0.311215132209799	-0.0326442442297744
"J410"	-0.11780987532873	-0.0703891261586187	-0.105344113665867	0.02105239342825	0.329334685116753	-0.31115857208276	-0.0949427263291157	-0.0919225877142663	0.0753214550423349	-0.080519033111151	-0.0647173555202889	0.0388804471910488	-0.076786854317687	-0.0143399110783752	0.140106081111692	0.262373210700342	-0.330798368169632	-0.0893908742806098	0.221108377704147	0.124700520535167	-0.00152859391482926	0.31465739382939
"J411"	-0.0530028583264557	0.108933064999065	0.147272414259778	-0.266574201674958	0.0474767825824126	0.114208372238101	0.0535979417359963	-0.337560576515039	0.192568358792432	-0.160876069173837	0.106550361721372	0.201752717198856	-0.0757334484694261	-0.082396909571897	-0.372951571228229	0.0947442798117193	-0.181973913010184	0.194122084376293	0.0559680160854243	0.0244953981849015	-0.139916720464239	0.0190426692871759
"J412"	0.115125254610784	0.0116712090356381	0.072154460958116	0.0104536553626452	-0.121300618839628	-0.039068448099573	0.129075659696716	-0.057183154300283	-0.00246282138358375	-0.0682921873171834	-0.00977598881921359	-0.120606368892593	0.0728550650663199	-0.0323373154740969	0.0445945716266136	-0.0523459984424089	-0.128025110726996	-0.225787887270014	0.310524291327973	0.249022527339454	-0.257118276468999	-0.366463122157756
"J413"	0.313896668071736	0.0242350132306025	0.0634435454939643	0.174943636477255	0.202293772006988	-0.0233897920705091	0.257834675541832	0.257021814274724	-0.113390310709918	0.0902930202117904	-0.048243436000202	0.103016071575982	0.0288026708693115	0.143924396902339	-0.0284103687879967	-0.0493598453131523	0.0998725595927494	0.0614838503762984	0.18432341175474	0.0352856357484514	0.0517476657993658	0.181984898987229
"J414"	-0.0378686234165553	0.174213226212894	-0.01145606424958	0.180946779846249	-0.228725191568569	0.0849121449753181	0.16348850862497	-0.0374426425479681	0.282933209195285	0.184518203133197	-0.0142145077190727	-0.0243627027540012	-0.35812138635741	0.0644027393012102	0.0823851803344534	0.00559533586272924	0.105354393771015	-0.0720246408759276	-0.15143789072421	-0.185788524769106	-0.0616049812898933	-0.14327366280422
"J415"	0.0842704477785686	0.108931717183821	-0.300822617186254	0.0185756511759691	-0.0270296545344735	-0.0233389421090667	-0.0807616656847755	0.0780421471220187	-0.318769094449772	0.231636702141633	-0.132100319119935	0.189951489296252	-0.251522197700097	-0.22301106861549	0.0101510963392334	-0.0223317773137357	-0.21693512426767	-0.0164135714378094	-0.0760642233354752	0.0394285690190649	0.108292574383185	-0.0683679701566618
"J416"	-0.107623621504885	0.00302432685812111	0.0827430493721339	-0.0312686796268588	0.152039545440589	0.240995600739838	0.201941407268507	-0.0282551725738781	0.248613936053715	0.351131916625818	0.065483096961869	0.0869970825943084	0.0348916817315175	0.113477365182571	0.136014665490647	0.195887014312141	-0.0752908499527318	-0.317493937787633	-0.171810461977571	0.190125238373259	0.167515295299492	-0.153925293128321
"J417"	-0.145628272488461	-0.187068850830531	-0.0164271667230101	0.32998358453775	0.318039279701285	0.0863980737127143	-0.0283835892198151	0.190345882697834	0.163046056071283	-0.0569059834121379	0.270370888894537	0.0248562135356032	-0.0456070321632894	-0.144997123960037	-0.151829631325101	-0.247877941862837	-0.100374885182241	0.106706579025856	0.0331577544051986	-0.102528188759432	0.114521260105549	0.0109307993165963
"J418"	0.128462989637612	0.0836988625112018	-0.137979733314702	0.0717928022499888	0.126156168829607	-0.32206803971312	-0.0399288461292275	0.0194927911059142	-0.115232369385173	-0.0730289650445943	-0.0928616250216787	0.042790474915252	0.105261821964501	0.0481830500951826	-0.0323134011510126	-0.225803856023399	0.0807111764594154	0.0328661039139893	0.0455139844625859	-0.207409971590126	-0.0515109243495887	-0.353345228600444
"J419"	0.151386952669382	0.225639002993293	-0.0385362092458666	-0.15581854153765	-0.00686147372860936	0.0109668263392896	0.184362504679808	0.122516448579161	0.0360360922501423	0.229140701117335	-0.105728364043177	-0.211487809332938	0.137575009612508	0.193881951509654	0.0538882403746038	-0.0148547415229164	0.212846837770024	0.245830048079003	0.0273103634132013	0.0677341267839897	-0.0543490663009307	0.248208127207791
"J420"	0.112909340083023	0.165523841490732	0.0398542035559652	-0.129638324401418	0.125887426066181	0.0658698778130344	0.0822821241315125	-0.193845704134191	-0.160320376671264	0.0371769356459014	0.111060925020622	0.0581201261581743	-0.0481170570148599	-0.0909404469523405	-0.120859308868325	-0.477448364506381	-0.0503190971350795	-0.101017113106714	-0.143845915092986	0.193912761187054	0.0605589991741715	0.0247531512560229
"J421"	-0.111940924727506	0.0505128261574381	0.21200390096493	0.0297091381015176	0.2785983201827	-0.13950696753442	0.134423610316874	-0.219936822030629	0.0361301587798149	0.0643503431474696	-0.29033391517332	0.0249122851505829	0.0931039287025579	0.0678857922252327	0.13185237825138	-0.156395668932844	0.195696174686883	0.153104847075154	-0.00657213907940063	-0.022263782434676	-0.0655914051486069	-0.113036399125528
"J422"	0.115531552124248	0.0285300531465827	0.123192109178275	0.1717534051058	-0.124816104174121	0.075611055226322	0.0261946872863532	0.343052399425893	0.00946242537765916	-0.0428593048908217	-0.10348566303297	0.127279431496144	-0.0245458845329368	0.116602066017519	0.080515413326006	0.0804355979353272	-0.348228971897436	-0.0888233898692419	0.00776939844659767	-0.21018049198763	-0.299907594844006	0.0109354902994247
"J423"	-0.185816897871891	-0.198041668075319	-0.423033469779295	-0.155428036238554	0.012257524333722	0.172047243601278	0.141165206461273	0.194400005144118	0.156380108754626	-0.127558252451284	-0.1155129949448	-0.242537228880563	0.0708319034959892	0.0567813959104086	0.0287802573584175	0.0315791959738029	-0.000519384350856903	0.217168823330429	-0.00314193020622417	0.0851451650142573	0.0381010235213186	-0.0357512780324449
"J424"	0.0280661116713305	-0.116676997368796	0.0922399754851939	0.082172161500366	0.00953672278282195	-0.318443219134779	-0.172221425218009	0.137215889823229	0.178300695904043	0.0305507419875617	-0.312082674771731	-0.119893502934138	-0.117547786084088	-0.13151637493337	-0.134460759720937	0.0918746237475798	0.083767022976934	0.0534314980302977	-0.00238192257282197	0.00975558016013161	-0.0388933607633885	-8.82517268682415e-05
"J425"	0.193852720052978	0.0370572099098183	-0.24401700177165	-0.0937134400753442	0.0877310359115339	-0.0189336079357898	-0.100663690670864	-0.207791147876179	0.0221967930391696	0.028576135992852	0.15768628074233	-0.129487268020419	0.220326171986509	0.14391725382885	0.0635215878528347	0.263744695462887	0.0130813707998415	-0.193225671440122	0.238594391427212	-0.25545905775726	-0.0112927484899854	-0.0239644316709541
"J426"	-0.170331657706298	0.0399900420646583	0.00548078872383881	0.0468800371467252	-0.022804302072181	-0.0549357259980861	0.0949160618886651	0.00812991277578592	0.0467902267394062	-0.0217961147112388	0.0178954737432843	0.0131614160292995	0.0672605854393188	-0.0493381400082601	-0.224617930032235	-0.2060741429257	0.198099044692917	-0.51752747099513	0.0502365385705634	-0.211751450586424	-0.0544991408257418	0.41824772359618
"J427"	0.0637718152710144	-0.168353668696119	-0.0298687738509082	-0.246894473491631	0.0612269186291304	0.157463123630258	-0.25022345297984	0.0942161275342901	0.154848290206813	-0.162433139286159	-0.172390351223987	0.340284485752159	0.167806040474997	0.0689183696055356	-0.093969724454523	-0.0795060632164189	0.16095957564522	-0.148097725384768	-0.0931684616851261	0.0226262657214305	-0.0746670404741848	-0.0616804952677441
"J428"	0.0840149641969922	0.223495650399869	-0.0976827048629098	-0.0720229190028402	-0.128174934621082	0.00612912757444399	-0.286479436632765	0.029277045861249	0.24928120619889	-0.00271399769498657	0.00477871551772859	-0.17764637220818	0.0111048865478641	0.0251968344472765	-0.266506753543777	0.0152145279183089	0.0504428742065045	-0.0864399187059878	0.0984938708917491	0.078658106328406	0.261638830273884	-0.0271302205046748
"J429"	0.0485823500281724	-0.499212430871916	-0.00954257923936767	0.0320812823308735	-0.236968480403043	-0.116906050645806	0.205612515572647	-0.102123979568837	-0.143974025595122	0.0823839656388982	0.0373166797132266	-0.176202681079873	0.0308123493103154	0.150271331265572	-0.132347597004252	-0.129797070605684	-0.22338038920221	-0.224990913336862	-0.0499134774955391	0.0560797814664264	0.094723496774551	0.00100863492796775
"J430"	0.0795022270689488	0.0950067497931665	-0.0932271874856713	0.320788454395766	-0.0118009279695081	0.250575359398877	-0.0958308552741243	-0.00365110899067726	-0.0230729013879865	-0.0081049599799745	0.035267401403095	0.21615040119032	0.3668005465569	0.0382974029569759	0.103389058583193	0.00630463467376969	0.0908939652519615	0.0312572053266275	-0.000204015291391054	0.0695259472010812	0.220851598338437	0.0711642115207078
"J431"	0.0349609002355752	0.15843880851294	0.182082705267828	0.0557410615455654	0.158503687169723	0.328514450453572	-0.277476562863155	0.0280119119861247	-0.216931930186686	0.0145342063480297	0.117270408680637	-0.148200291377624	-0.30980995498525	-0.0294337858889403	0.151735972626389	0.018966209172158	-0.0624559401134145	0.00698134023941973	0.201386643514468	-0.08641976046157	-0.0503578173829973	0.0951063199217445
"J432"	-0.0894519828507559	-0.147876645604871	-0.20623301058754	0.189626396083139	-0.0366662059885765	0.116596650574266	0.0373557179982368	-0.191227547023619	-0.0381347966261653	0.228766337811036	-0.168558360035035	0.0978216741556033	0.155087407376987	-0.254731823628184	-0.0860513958971514	0.0841586228939186	0.00980094464446321	0.0555203899129736	0.0382137473431141	-0.0425473912241519	-0.246699256063426	-0.119457239338136
"J433"	-0.425023486321135	0.0831516263518543	-0.0710920621077862	0.0496474274488967	-0.0200035991115215	0.0155048765992311	0.100712573393304	0.14597684740245	-0.0939852836105963	0.0476082225938977	0.252702525810212	-0.121949504549281	0.19848595704728	-0.173594865815062	-0.100518074490005	-0.0830728766783831	-0.0459745167940215	0.232152884467774	0.132881924869308	0.0399864965101531	-0.102646025003882	-0.0849415097496878
"J434"	0.00489726183514164	-0.265607736040074	-0.0507671373991119	-0.232258727345941	0.249161456699186	0.0528290603221003	0.110527135978002	-0.0311232539440624	-0.338368590307636	0.191492880171527	0.143539028022047	-0.0458344641500335	-0.234707507665265	-0.00321939884771925	-0.0904707115607442	0.282701893027381	0.287854278492241	0.0189417553337254	-0.0687929805300498	-0.0559209838455709	0.0119877319230297	-0.0333084322642165
"J435"	0.0708841325189505	-0.222150795150464	0.109615973984402	0.134957321855768	-0.152874575864403	0.207585295063256	-0.192456109308002	-0.0608449010704286	-0.00846027398938706	0.00341872431963171	-0.124488371723412	0.175811726405243	-0.0924185453209692	0.0258159203196214	-0.103383293881293	0.082558442638852	0.224011366756436	0.101022467870114	0.317032053355622	0.312102611430246	0.00571435073734543	0.0196378537244966
"J436"	0.0849129301759352	-0.169584819721995	0.064186273076821	0.0485166835044177	-0.182378618783893	0.0695179899792366	-0.098243485074403	-0.175616230367866	-0.0156789463030354	0.0187329339077504	0.233466680888212	0.120588824357555	0.153007346514838	0.186107994521351	0.0524505957878811	0.0497542717510451	-0.0638959672242176	0.254813294925647	-0.211499293338473	-0.363871884134823	-0.199751274378653	0.0893811367914387
"J437"	0.0925302643447326	0.0654018596273631	0.0231919718125952	0.202668994686625	0.0421170245926174	-0.090968458282295	-0.0434794575894452	-0.0751111245242491	-0.0665317820882278	-0.123775881707201	-0.00544074058033858	-0.259300148761118	-0.0196984222660339	-0.0853217898964466	-0.31172128926916	0.22179381241791	0.136040407197141	-0.0178458406808809	-0.360073161579791	-0.0563813755302782	-0.0751067260998722	0.115185959774858
"J438"	0.210913136197871	0.0825339832010258	-0.0816232060037273	-0.0583183526589287	0.027611140346193	-0.220074419168244	-0.177114318227749	-0.0108342066664077	0.0338520656340644	0.153105629726995	0.175016706010048	0.0466052618177718	0.130504954513386	0.0597956342630502	0.0588298203357204	-0.0429857788244995	-0.212458012813195	0.124084513059587	-0.346482490789532	0.375246592577107	-0.211251265751603	0.140855791470033
"J439"	-0.0311467365178379	-0.094936182238647	0.117569137878199	-0.246129913438183	-0.105562435190752	0.0695150805302441	0.085498434582916	-0.0250473717243024	0.213900881050027	0.117698515947418	-0.172640655238998	-0.0760807652611008	-0.0436409642658084	-0.253046175253847	0.268564973412719	-0.199566545343842	-0.0816179982513261	0.0870491938243362	0.0742872880568135	-0.0917085384329004	-0.127372743203553	0.322505611945905
"J440"	-0.281074258767611	0.0925446262813983	-0.14562367523715	-0.0430892608018595	-0.00946505747590779	-0.138299293763965	-0.277339044650699	0.118082531163411	0.0872484746153715	0.109160356964776	0.0457691149288423	0.124931174628665	-0.0954943624012196	-0.0782466839300507	0.20833644295111	0.00894135668518826	0.169727946751148	-0.126232911248845	-0.193527487381441	-0.00770920905047456	-0.0764760846537134	-0.104126298581399
"J441"	0.203215770808758	0.0400344946826017	0.172664765271277	0.0222731830181622	-0.161023340271335	-0.0188114200140507	-0.0466196331467194	-0.103184477061139	0.0634925491875759	0.0840753076656378	0.0277537152114678	-0.245836178243694	0.209711587613339	-0.44384033363801	0.115863225409112	0.0732882134615301	-0.097136686092645	0.0639865438317975	0.00625701130112345	-0.115507917717617	0.389503686361846	-0.0589932875311224
"J442"	0.132993222699326	0.00793169377474376	0.0200270821982132	0.021569214286372	-0.00754220776166694	0.0842207601881266	0.282003049960739	0.200571394886639	0.0696581752225897	-0.36612639571506	-0.124040238877215	0.0799297487121238	-0.12156676588807	-0.0505641052034815	-0.0970126311204355	0.167206985008354	-0.10938863920603	0.0676129856724092	-0.257589795527015	0.0695389141556305	0.186895339533276	-0.0305764627338741
