"MDS1"	"MDS2"	"MDS3"	"MDS4"	"MDS5"	"MDS6"	"MDS7"	"MDS8"	"MDS9"	"MDS10"	"MDS11"	"MDS12"	"MDS13"	"MDS14"	"MDS15"	"MDS16"	"MDS17"	"MDS18"	"MDS19"	"MDS20"	"MDS21"	"MDS22"	"MDS23"
"feces__J401"	-0.0610670331111967	0.0474939544890558	0.404836433781341	0.0111034359249693	-0.0609053411110319	0.205043992452616	-0.143553698227746	0.20525629648154	0.0884023843223704	0.267763010140421	-0.0708797060041687	-0.0598369242240501	-0.0974088282435961	0.0824163503184426	-0.270407327195221	0.0741865502435309	0.115476174904528	0.0121281532974196	0.0928490868213972	-0.0348299388741646	-0.0659864297364987	-0.21803520415414	0.0848910778000244
"feces__J402"	0.122205484079143	0.316848496193205	-0.0850528553241484	-0.0550790060921533	0.168430319835833	-0.0355067621480458	0.177730704314132	0.166054708119786	-0.206939339627939	0.0979941325160469	0.0177134691496655	0.04263717543796	-0.19589793401514	0.0659585045276684	-0.0241062867983819	0.169373033272813	0.0290596864723743	-0.00591808226760789	-0.223626454610037	-0.127027183246262	-0.142429813479684	-0.0607229349316888	0.106343941850585
"feces__J403"	-0.443611466899748	-0.112072028266143	0.0693969052410979	0.209815155934516	-0.171463348541027	-0.152157184399613	0.134033134687205	0.0100240757513679	-0.143525869710088	-0.0303381357705442	0.158493681880556	0.0527482866098588	-0.132361623206933	0.118977053299746	-0.217177372223063	0.170272673369814	-0.0480275048670363	-0.0186722493192425	0.0152100888088493	0.0213579596179197	-0.00578229553966069	-0.199349709357652	0.0729954238014068
"feces__J404"	-0.136378613832141	0.0227495504658144	0.299342870109972	-0.337016955670219	-0.122897296973215	-0.0522718086514233	-0.169339022052328	-0.0499074026312535	-0.102677768875728	0.124404003596267	0.127560354903737	0.0370409335308533	-0.113731109805131	0.178889814537821	0.300533089620177	-0.313452976580915	-0.184101954796026	0.109684682386708	0.0484976623606813	0.281202452512504	0.0398842321449508	0.0325369615678563	-0.0938683108524812
"feces__J405"	0.151001175610274	-0.0841323787342658	-0.0218206304512683	-0.0532136510299423	-0.124477479470563	-0.0881820762730057	0.0750061168164196	-0.0465994802178987	0.138134950898689	-0.143397240074259	-0.304070530088481	-0.389945748189248	0.139842374229483	0.114099731636066	-0.0854971331012906	-0.12796952662126	0.0938652299067912	0.0653602345158466	0.0872924886669031	0.142197833932869	0.323120811530944	-0.242143695500978	0.119539888261858
"feces__J406"	0.045808271049342	0.0382980843733464	0.302028326306647	0.0289743618371494	0.0989696682145517	0.278031734364495	-0.0673034584481246	-0.152021486727915	-0.209155444468412	-0.166985267829986	0.204709212591148	-0.0223258960455581	-0.120011244303956	-0.308889253182539	0.0227667861239725	-0.178146182322047	0.162601133599025	-0.129092862458855	-0.0281631104749516	-0.151719935233056	-0.033432571348994	-0.152049392765291	0.069916701334598
"feces__J407"	-0.228508592120624	0.218253805708418	-0.149045724694597	-0.0318831499063366	0.156430781974693	-0.0174683695703155	-0.155730737936684	-0.110145608207135	-0.107548269206861	0.192690184060351	-0.0886221116245268	-0.175836251165697	0.0250788921870763	-0.156797855597919	0.287335732097926	-0.17357683610094	0.170489647050929	0.0628107095610843	0.152045020424215	-0.0499958413639243	0.0249163361093626	-0.0634297354511957	0.0353117789311392
"feces__J408"	-0.205349775962198	0.0973045960309236	0.0587931826419409	0.255534710815975	-0.0951430704513902	0.0670150124597533	0.0771036414630932	-0.187661967088708	0.177515039708993	-0.00288401621863517	0.0175244313866593	0.357460855293697	0.38632021435113	0.0848048804753597	0.106492585464192	-0.052883697410849	0.102333890636953	0.142415955901141	0.105743902949459	0.00173244154364603	0.0591217332543436	0.0408915899097885	-0.0755483931901507
"feces__J409"	0.09748712269638	-0.268222718918351	0.0440030811513098	-0.207947927652688	0.157736325613415	-0.263176327448984	-0.0721785680023171	-0.0942167026611156	0.0235931354661822	0.00642586759635943	0.21197746986193	-0.262359133941351	0.20606105977281	0.169570630499197	-0.0694560690753852	-0.067033475163553	-0.213068515164038	0.00518386481368715	0.168268468700128	-0.151677563341747	-0.165687936874571	0.0162384964389652	0.0930444703069868
"feces__J410"	-0.147100982470396	-0.250666835824636	-0.14719477856034	0.186399661566458	0.292625823841645	0.0402621980091298	-0.224590329880055	0.105226854525567	0.123309627666594	-0.123386089456315	-0.043447506653105	-0.284358047784082	-0.105176171224077	0.0196760305741308	0.122756974876262	0.0202524412967407	-0.0670582008819074	0.136429427412372	0.0975042445165686	-0.144056942217897	-0.139231142027299	0.163729647690291	0.021314476824742
"feces__J411"	-0.0520374893578941	0.164932966895174	0.268728470700308	0.195143253925983	0.297582665330601	-0.0525221943048984	0.244254847715797	0.0177222905608931	0.251567007182578	7.46298869216604e-05	-0.106704668471257	-0.100885377315215	0.167409503229193	-0.00328016716811587	0.0857043351437054	0.207549482537455	0.114339583417845	-0.0132466853883934	0.10529456859424	0.283817081031155	-0.237600914975929	-0.004517707489644	-0.195890163694934
"feces__J412"	0.133243429624195	0.0831040225969234	0.108806630881485	-0.00989340392649942	0.113957486653268	-0.136231063626767	0.0113927982457652	-0.0835397014483652	0.138205157720663	0.12067147545024	-0.121305302784154	-0.0443532169533353	-0.0578986926698239	-0.135289078385332	-0.0267938321401167	0.232566452409776	-0.232496079969661	-0.112054409893192	0.248110509757488	-0.106319513454189	0.19148314340111	-0.0863289945265602	-0.135585484137575
"feces__J413"	0.26149101809426	-0.123774255108435	-0.140276685696891	0.302550138452176	-0.061758303261021	0.0475903720195954	-0.135838430005745	0.193677927603853	0.0598183202156019	0.297179238997622	0.218612331640582	0.186310307221369	-0.00416686951201717	0.0646070196086301	-0.200190031242771	-0.199280410458792	0.208020913764276	0.197615323051686	0.222398031394006	-0.0376832913607065	0.106555855810692	0.0641613439765976	0.034264792198834
"feces__J414"	-0.059969686424873	0.107410832649133	-0.17160087677555	-0.188146393560679	-0.190178554130791	0.0765728056452956	0.203884550269852	-0.154468948599667	0.0663203558746215	-0.0230346022992841	-0.100975419251762	0.101795203403383	0.169537786956012	0.187129279255451	0.025755641152618	-0.100135309147915	-0.198744691353677	-0.145872912006452	0.0191246567367546	-0.316326688619597	0.127966480084629	0.0232097881048692	0.0121269536227464
"feces__J415"	0.0796760275489952	0.169714791581111	-0.133595635781187	-0.0491427668282926	-0.0593202540981869	-0.0792653139276097	0.124469024483686	-0.0280097552275646	-0.0352852148356659	-0.0834032669984101	0.0951922046328997	-0.0107254628229636	-0.339663444662537	0.272836321780695	0.138902033521887	0.0704316310075336	0.142965009235868	0.0826222521198511	0.113285011289534	0.0216934946414875	0.0484224216271426	0.00880100669656648	-0.545547006694433
"feces__J416"	-0.15274004553669	-0.0454994950290533	0.00167131055095407	0.094893535330119	-0.0441113636961899	-0.119725447078427	0.175566279991745	0.308712186763229	-0.197832720920251	0.0716880466041687	0.0270440379129622	0.0508117189108194	0.164735294935046	0.11554987609113	0.359040917055687	0.0961734838167453	-0.08944690575679	0.115299298488421	-0.0245473788745144	-0.221403487979339	0.0204436693303132	0.0879361705888698	0.291272271963993
"feces__J417"	-0.0351446836363641	-0.175122660942394	-0.122317633739287	0.187780637286093	-0.0853395608988285	0.359807934368915	0.32319146559799	-0.0507833684582039	0.0912986029869757	0.0206437743137994	0.077473400992046	-0.288134354115402	-0.0525070781049187	0.161423202431515	-0.0975628147422089	-0.217154705917556	-0.093532923494377	-0.0707643288529972	-0.121807780721855	0.0412074360471177	-0.159736906582781	0.106819160885175	-0.0647048386665851
"feces__J418"	0.0824783831070627	0.0209340576961054	-0.137163540858917	0.150988808995895	-0.0026395968937906	-0.0143652010083606	-0.164472947954484	-0.160664484744645	-0.00152021934383804	-0.211927503633026	-0.0699006353740974	0.0997400707457687	0.0289543711447664	-0.0222489893941102	0.0802078150581857	-0.176311287906622	0.0540604813157285	0.0905474724980242	-0.180938855969356	-0.287610715722584	-0.212001440417904	-0.467992065871344	-0.0625264499327292
"feces__J419"	0.0716743423593108	0.261050051140451	-0.0781570618646986	0.0803599971647314	-0.0533594808387208	-0.208160589140429	0.04370319324348	0.135236146360539	0.0788567676803807	0.0549727040749559	-0.0291942726544734	0.073705462988058	-0.0979353373457922	-0.0770527197942177	-0.16410395131057	-0.373049825886923	-0.137130256938821	-0.11406611465437	0.189305939146637	0.141562760338768	0.041758749215244	-0.114250105893617	0.134631685641166
"feces__J420"	0.0838797743218155	0.238768220589868	0.0765718942575565	0.109854457001131	0.123748966462424	-0.160268387476184	-0.052339143384094	0.0076463398895659	0.104265132287933	-0.0979126018478934	0.0775851760277708	-0.0645584053215928	-0.0689242957586499	0.0575372414363808	-0.178873338543476	-0.171183466176071	-0.0293991087205177	0.196191329793481	-0.390394218132782	-0.147015159483752	0.280659562787242	0.168702515623667	-0.0116832730920588
"feces__J421"	-0.124450068977302	0.0590390976194538	-0.0330177511480963	0.0813300003639345	0.130803638384318	0.0190316981662228	-0.150584179142742	-0.325316407920727	-0.243241790369846	-0.229565176833637	0.0169829855692814	-0.00278317095196673	0.220034395840169	0.0486554756849168	-0.200132640731999	0.161971597117511	0.0683684485633092	-0.162095096303674	0.0229052563907315	0.0261049436772208	0.227366086182844	0.0191668460746941	-0.0918422915634436
"feces__J422"	0.101877229177915	-0.0598709221946563	-0.018154693938658	0.0401736189462306	-0.115721279263483	0.123976304480914	-0.254330075059696	0.0171033104993434	-0.118968760287453	0.367556001085186	-0.0832780518848071	-0.111037520960994	0.0247472247656226	-0.0275316958774678	0.00635912648087245	0.17805453837487	-0.240859842944512	-0.19439320806673	-0.140946314754577	-0.0899963026131063	0.15914301665228	-0.0682788527598124	-0.276047357366614
"feces__J423"	-0.114070899183758	-0.146203600665498	-0.18821748366565	-0.125254300942261	0.126665377039135	-0.0828634056975509	0.292300455852095	0.172558323541911	-0.206636794660113	0.0882980712523578	-0.300712324141659	0.128754234990388	0.0461198475808979	-0.0952445274526	-0.19744723929514	-0.254014612283962	0.0708822176210476	-0.184962333567609	-0.0700515272436269	0.149302142935574	-0.114283494988106	-0.0452231653505005	-0.143711883395223
"feces__J424"	0.00824725481741755	-0.289294319347434	0.126424096366382	0.327186149632903	-0.154263200889703	-0.132204563121156	-0.0445614633007681	-0.169860235627038	-0.184343595773496	0.0354015110818993	-0.242747792558176	0.0561586247071628	-0.216365412258862	0.0725282078986098	0.115183541335328	0.0756913752163487	-0.197391797569269	-0.000106057093537295	-0.172876492683914	0.142442936072678	-0.0595965286178475	-0.116990190659432	0.0297718699379846
"feces__J425"	0.199304638473834	0.117616944478938	-0.10401940227267	0.012911149451492	-0.0293606330464587	0.142379292064326	0.013110266304486	0.298781976849861	0.0991428930621314	-0.245252969414008	0.0567963837951329	0.054247922029135	0.123303877608671	-0.151990011257178	0.0891218974976493	0.159309436240291	-0.288566511217556	-0.0740495343972479	0.209349910953253	-0.000337937736506485	-0.101009441956031	-0.219047908183831	0.0417084221831687
"feces__J426"	-0.1396378413537	0.0445797369871411	-0.0745271633839458	-0.0178614606322477	0.135967715981221	0.0251458607802551	0.035617560029407	-0.0891826656105947	0.323332242607572	0.254370322621504	0.209346764435367	0.102530303505404	-0.0389963924909791	-0.120859599993911	-0.0360115973571569	0.0533688904319842	-0.239643412650371	-0.0488556689052806	-0.191175383406085	-0.146916247521336	0.0193060970848327	0.0988192489266916	-0.102161805233333
"feces__J427"	0.152625925121999	0.0573116385547611	0.126984245553299	-0.0627027271567945	0.114883468241157	0.137536760759968	0.14832948396112	-0.0301057859224784	-0.190680623273799	-0.00909763571947879	0.00368891555840072	-0.0791143038622362	0.210686292070063	-0.227351071007517	-0.087488214992581	-0.117406117188628	-0.257670393419397	0.325424733274738	-0.246652106292998	0.198609719886163	-0.118859137750215	0.100218577221964	-0.0679994694067014
"feces__J428"	0.0413875806739712	0.190492058784785	-0.0169371331997397	-0.193326026573743	-0.189561194694155	-0.140864558594713	-0.219016664341958	-0.0589076151265218	-0.0131207094151354	0.00142511475132838	-0.247911368286566	0.0711345218342862	0.121256437835	0.103909030085609	-0.25440025785104	0.247711630055584	0.0213941794093949	0.238050618850973	-0.125664202596453	0.0296929258677616	-0.245812623702741	0.127625612290765	0.18648145024591
"feces__J429"	0.148856862866625	-0.261488800296139	-0.0825183788918658	-0.304645789638612	0.156205465727864	0.10978321001203	0.0683755857426719	-0.314836904474044	0.168865507841518	0.0329338879081469	0.139043394797741	0.275140383937447	-0.135589952370355	0.151080394699916	-0.149293949745799	0.115766726860331	0.0995778485751896	0.0382800524575209	0.0440217040160997	0.0707147953114378	-0.163142868064534	-0.0769680481569231	0.125662026382737
"feces__J430"	0.0295081657900761	-0.00414077332143398	-0.165394197038582	-0.0499780332817931	-0.266234687238152	-0.00921999476996434	-0.0640194753513534	0.0739308138951712	-0.226929246793505	0.0225303574433527	0.333309253802976	-0.114009059039211	0.254288200675893	-0.183072560581607	-0.0724016858198147	0.0999592720079604	0.0877845099546004	-0.290061040966006	0.0520446257702001	0.141851985083408	-0.0856405824522758	0.093460560761949	-0.0876088940711332
"feces__J431"	0.00723012861021807	0.267055560562451	0.029887374659915	-0.00366331099196648	-0.0908602007137816	0.315358854609766	0.0129929405693093	0.00863262393767041	-0.123680586562107	-0.197253750275263	0.163331825512874	-0.16251510813274	-0.0768479712368279	0.290966040883338	-0.00770104882367697	0.0963009144114164	-0.0296669966786198	0.053033966083675	0.137401525767175	0.0985339524792619	0.0293308034837545	0.0947897969427584	0.194929518856572
"feces__J432"	-0.0589001410093814	-0.0861233734705331	-0.311143368193761	-0.11860320992691	0.00977336356495686	0.00727840030839619	0.143746666345371	-0.0528504570700138	-0.11209696668587	-0.0269512028919629	0.0164641058308185	-0.0332211441861509	-0.273496411418503	-0.28344079705327	0.015804922306978	0.209802673829531	0.0287179775808083	0.366438020898518	0.157402589178489	0.0876848680907962	0.182463820000451	-0.0768121376699361	0.0713739759850422
"feces__J433"	-0.375899809756626	0.0029179317035126	-0.0992127626643692	-0.183412643420644	0.0137440848373806	0.189528949463731	-0.230688318641755	0.0741599035012716	0.160972845688592	-0.0760515973961203	-0.11443541248718	0.181029360770679	-0.0531334950077689	-0.187218266242171	-0.0591238230054116	-0.070548539580281	-0.133520614969536	0.0495981859283329	0.0655682181439069	0.115190477816154	-0.0575128238182104	-0.00808284652644271	0.0201722661599742
"feces__J434"	0.0669846948685089	-0.169135878110642	0.0628365745284649	-0.0472937288095329	0.38663342358765	0.0836680039945086	-0.141659486611748	0.303908361996684	-0.09545522352411	-0.273235924681284	-0.0872405659256496	0.308319386810384	-0.0251017967503178	0.238505372142083	0.0208546907579345	-0.0152346209160572	-0.0414059490726723	-0.236558164096128	-0.0494734477948755	0.102198521797575	0.282086765736265	0.0982462230914844	0.016204526428339
"feces__J435"	0.145478466199618	-0.212554974139034	0.0985273097983617	-0.113863009836486	-0.196596644389759	0.240986342809402	-0.00996324681926571	0.162625812028854	-0.0615866078645078	-0.0350460210911419	-0.24506073987407	0.0767802362004007	0.135592410551418	-0.0832844547864893	0.0724257550664333	0.0655542993362196	0.181947504435134	0.250978980970936	0.0262718811854618	-0.175516733155903	0.0296685186746941	0.163511264176744	-0.274750418413719
"feces__J436"	0.121705410087881	-0.148726058079882	0.0812261521301111	-0.118181692765376	-0.124148005167852	-0.0106625759937837	0.157510663463483	0.0361757739863399	0.2776223270375	0.0115186068186924	0.193173702436297	0.0316508352657319	0.0477855355007728	-0.130054044039549	0.314405456301595	0.122221763598621	0.148165258934473	-0.0616597104342808	-0.314374703339225	0.162706265395015	0.236606728950014	-0.231185505103827	0.187600576350167
"feces__J437"	0.0509957732894502	0.0048116691583572	-0.141313368756361	0.202009744691205	-0.0559238114473896	-0.0181849605888811	-0.120499006978804	-0.144269621198535	0.0783405482628117	-0.000106253251724366	-0.0471549303954924	-0.00184414321751855	-0.0860266451396517	-0.203194976935711	0.0203944117013723	0.0671635836446938	0.0161179755798706	-0.083569105202821	-0.083758052631783	0.280343342673008	0.139498510879635	0.356320697170273	0.200091712873568
"feces__J438"	0.0869119221037588	-0.0164281129403422	-0.096901987114511	0.0326495051410104	-0.123114104758978	-0.324911802307595	-0.255391662768133	0.141727585506965	0.101770385192629	-0.187284492022801	0.17885407474782	0.0185784462299113	0.0449780901941533	0.0199251316233616	0.0819333953623726	-0.0227476400234416	0.0994228683456077	-0.0372041915938823	-0.134304193658328	0.156260245750619	-0.267592596816237	-0.016904380351706	-0.186571685087839
"feces__J439"	-0.0379621842815593	-0.149850092897067	0.298115003664172	-0.073024059726748	0.0170746773692002	-0.318199801696572	0.203517203753039	0.00238338772175711	-0.115394699738753	-0.081880339695242	0.130403445720523	0.0303813939255933	0.00181524854790868	-0.245377860063576	-0.145741375181332	-0.0196523978874871	0.114821936884237	0.0672708516155082	0.147829602403737	-0.235249972979533	0.0971747418461548	0.157811680016872	-0.0554011778067802
"feces__J440"	-0.264063184735529	0.00341177138005228	-0.0115966475611822	-0.209435302811912	-0.0829193176107226	-0.00879030069910258	-0.0505618331207253	0.180073028672362	0.224927619181919	-0.026978579976215	-0.0684831403835258	-0.223679400602241	-0.0646575902830915	-0.000940342176596431	-0.0488479676154536	0.023263571275755	0.344051371215911	-0.205006288582641	-0.215072499511115	-0.1411887075762	0.0106361000652239	0.082627630145505	0.00448899768761262
"feces__J441"	0.184226262982912	0.0375159744092767	0.154322245112905	0.0460247632378981	-0.235001046500603	-0.0396533324734415	0.0711196448055319	-0.148466746881999	0.0869314141961776	-0.143219080780719	-0.221809377088694	0.0888407777629054	-0.275292702798739	-0.120796951315835	0.137597635261011	-0.0776953272025333	-0.00833695351078746	-0.268561136424526	0.161191798403848	-0.168226379536782	-0.220977929707235	0.343420721638617	0.133516940038732
"feces__J442"	0.162607155095019	0.0316914642376817	-0.0833223458599475	-0.0021145345180319	0.234064523426481	-0.00414170577249719	-0.0103344796271507	-0.169802382350106	-0.166571813144955	0.34665080795833	-0.0813467672553423	0.0057262267203591	0.112643940631579	0.144869632815644	0.189181214605731	0.0105309344203105	0.25560476657167	-0.14859493344445	0.0249099303167144	0.0366899595144445	-0.0812967059953713	0.0192670407635559	0.183793156937846
