"MDS1"	"MDS2"	"MDS3"	"MDS4"	"MDS5"	"MDS6"	"MDS7"	"MDS8"	"MDS9"	"MDS10"	"MDS11"	"MDS12"	"MDS13"	"MDS14"	"MDS15"	"MDS16"	"MDS17"	"MDS18"	"MDS19"	"MDS20"	"MDS21"	"MDS22"	"MDS23"	"MDS24"	"MDS25"	"MDS26"	"MDS27"	"MDS28"	"MDS29"
"feces__J401"	-0.0979226070089052	0.0461629467638726	-0.254528888989412	-0.252822316265038	-0.0906345791080167	-0.045701045625754	0.260083013659845	-0.0184435340495322	0.200154909352261	-0.198527306642648	-0.111121213047413	-0.0419458038150511	-0.05904827063009	0.384831848460544	0.0781737934714333	0.0266544947846065	-0.00481512452622065	0.0603313418125806	-0.182046468043255	-0.0502407794807307	-0.105134476044528	-0.117823060618484	-0.0287020785430434	0.189623382633262	0.162106301784705	0.111661754395853	-0.182122819347593	0.382981965543416	-0.0361277320041763
"feces__J402"	0.173213564017026	-0.273120391924669	0.118767189946331	0.000416931775457034	-0.0796992429060867	-0.211733343153861	0.0679059426274332	0.0282844532074957	-0.100008368765269	0.0797406153003494	-0.063563483301565	0.129901386893379	-0.0261158995434233	0.227061625144343	-0.0242289129837578	-0.0310061227544376	-0.256830315053952	-0.187813345595861	0.0840006436974153	0.174851808386506	0.0776196179009988	-0.0603246761458907	-0.0422948700575842	-0.0282668181696402	0.00669648909721399	-0.259924902039843	-0.216265497938291	0.0281038980401057	0.285782367254808
"feces__J403"	-0.293300641630861	0.0704839055759376	-0.211129706584785	-0.120000214562718	-0.0162605185949482	-0.0312548269165279	-0.472654832957129	0.00570967864499991	0.0725401285026476	-0.131059241330292	-0.132668614296571	-0.156919249640687	-0.0362997293091988	-0.0145632660149019	-0.114441884155231	0.0782546731669574	0.314347115854353	0.215909627285352	-0.0236095364261002	0.2038333900853	0.0346432809461343	0.106326516818925	0.183697905116925	-0.0552382215751308	0.162619252654344	-0.0601840916853865	0.0266704709984375	-0.0655532163235935	0.0491609290337805
"feces__J404"	-0.0492112584693308	-0.0267149612759674	-0.261022708454536	-0.00406142005484676	-0.123801925234912	0.266838980864548	0.164012376138186	0.141064315306504	0.22465460014854	0.163301460503312	-0.296509446026495	0.208798467945718	-0.050905284066569	-0.147673983581096	0.0642157399216386	0.175348105738656	0.0278714456951317	-0.163390170644084	0.20514610002937	0.108535557030422	0.189549892531957	-0.289797269461554	0.170471350167547	-0.259078019211362	-0.112086222070077	-0.0280924218991157	0.213592922833121	0.00649297391769856	0.131361407558943
"feces__J405"	0.104276856475436	0.0359996593102377	0.0373608632070134	0.20570125699259	0.203373322017951	0.113879834315575	0.209179855978983	0.1797255598107	0.233181259616584	0.0089283031887746	0.10811427093543	-0.153507905293072	-0.266148871429047	0.0119392233970999	-0.0660043992567173	0.0471535213244979	0.147299602970544	0.143485973508751	-0.231196463022607	0.207461161521674	-0.0688337164759106	0.164031711091934	0.221344211451123	-0.113034459414815	-0.198696897371308	0.102455730412707	-0.0601495483771453	-0.068531994520959	0.0127221694233645
"feces__J406"	0.0765058048451491	0.0179077906463629	-0.0342757396351184	-0.245880427635377	-0.323232180408491	0.0649994021747438	0.120272694909428	-0.138426068719713	-0.0136931049360637	0.0743333487221143	-0.0266890456196995	-0.0353612309687302	0.243801715925057	0.0793862200972592	0.126927838963791	-0.295864339156854	0.431557801861459	-0.0419340847851971	0.179522867326145	-0.020182846565349	-0.256420624852732	0.0947085936672158	-0.114397147514223	0.0668973394022122	-0.0237877671162493	-0.0298701175706902	0.119065237724781	-0.019902511679567	0.171279274332758
"feces__J407"	-0.0985446162143407	-0.343670333034524	0.0960503021629443	0.0948444083212455	-0.0490792867288874	0.110799847272827	-0.0690427072077786	-0.0326894661761305	-0.0716689574429581	0.0329003747436449	-0.158232649230755	0.00431713486925031	-0.169334276075919	-0.0220428379643134	-0.0467023346566747	-0.0113645658592467	0.189741726878008	-0.148280831476647	-0.0268689412919572	0.00320395873120466	-0.316035279876573	-0.207690443588609	-0.158786496252908	-0.0639090290338252	0.000712844722282948	0.239996131080229	-0.137255035844026	-0.0866209588552509	-0.0697647761072347
"feces__J408"	-0.206403482019472	-0.122315348438448	-0.174072908308983	-0.285774210170208	0.194528684619041	0.162313013137607	0.0140330745194763	-0.10460866973941	-0.301159839832753	0.0856332665402928	0.21187130715009	0.0603201070882922	0.0706245150527476	0.015348730361418	-0.363489977924173	0.0662387325790251	-0.181225267977786	0.0284252557696259	0.0639979678887133	-0.0379703714308521	0.0271691782540538	-0.0315143087424437	0.00541325674365954	-0.277468061708817	0.215981569453226	-0.0532785306395397	-0.0861760237721059	0.0485862133575295	0.00543458929488736
"feces__J409"	0.0672326408600426	0.119715303266542	0.108851247472096	-0.154890656602121	-0.0590408297779593	0.126245115867482	0.0612737659574317	0.320921461464485	-0.149624317948114	-0.421978438500633	0.219867747254354	-0.0901381134238328	-0.196693944848576	-0.0771954817601515	0.111829151533787	-0.128986101872951	0.00226330324343099	-0.155975575637911	0.180246077343479	-0.277661979403324	-0.0631472603053734	-0.00459310220580813	-0.0626365227618308	-0.262605759230234	-0.0590999621854217	0.165038630021198	-0.0221067742457323	-0.0740744557162262	-0.0222695631433625
"feces__J410"	-0.201442049892842	-0.0293109318587171	0.267302354866337	-0.0210669463521569	0.0441328478566912	-0.0232402090810903	0.0307569946872637	0.0240729299948979	-0.208828000321134	-0.0700253971609169	0.0447642973416104	-0.064753221250782	0.0712954943721818	-0.132316139425433	0.400369849566669	-0.150869394943326	-0.102288038940947	-0.0616036156110661	-0.273340328315425	0.0597521358238168	0.0355472493902264	-0.100578008608066	0.0552299011382038	-0.137807247979624	0.089466348200659	-0.134462153818756	0.0980377460877836	0.0307849417532847	0.0720595796797468
"feces__J411"	-0.0877118329901814	-0.082167619269219	-0.337199997397039	0.0384390991982466	0.0947898385961943	-0.374787859425961	0.199754830503194	0.0685089653557477	-0.462997742362077	-0.00548841100965043	-0.0812675046078633	0.0825361631190875	-0.141119882645067	-0.0929369241034635	-0.0621795533943133	-0.0137091361402943	0.0849549835110158	-0.0948988506243511	-0.0708957030934521	0.046266603239113	-0.0309906908085669	0.0973827612792209	0.0697592486489808	-0.0719232291455161	-0.0583054751573187	0.147389039245194	0.23661118912872	-0.0202790777262701	-0.172730676591331
"feces__J412"	0.110805099845605	-0.125178208067345	0.0227730551558703	-0.0370228985910472	0.0522464022851814	-0.110304140333789	0.209757104913509	0.215054187557691	0.202429339044544	0.0791685004780008	-0.0553286126934878	-0.0945700747476836	-0.152936787560381	0.0283703964052616	-0.0570124470173007	0.0904958067101053	0.116039956399119	0.175270576238524	-0.225018594225377	-0.227844021832663	-0.0671524255134805	-0.0696496755199455	-0.154408831394895	-0.208817016231352	0.187287628253576	-0.286835265086223	0.110300453885746	-0.0376909513566852	0.107749822707513
"feces__J413"	0.233514540624167	0.143587721697169	0.129602579945468	-0.192032746554349	0.248177205933207	-0.0532993740188495	-0.18655087843606	-0.207541274754421	0.119605552724626	-0.0416247602567891	0.0479206133414813	-0.124134890370067	-0.0972209716238737	0.110599605588743	0.0534413723805891	0.350564896627925	-0.0163784738326477	-0.219147742319124	0.0923551750609449	0.0517725714758098	0.0434912217511206	-0.0784433374765769	-0.166893872308314	-0.0877487089654843	0.051699696516812	0.31378132906551	0.0981998804723802	0.0162574121735055	0.17952613868037
"feces__J414"	0.0315321843117406	-0.189186937123637	0.135489978003424	0.172991725015778	-0.152809483467665	0.109339484795778	0.0805762877922469	-0.149532696230879	0.0519425850016182	0.0808097365580673	0.105799642057928	0.226958812947667	0.0262546581036272	0.0266608963582609	-0.159682620203672	0.0977851268460581	0.0496515144619996	0.344138534157391	0.193004304212382	-0.127181440609272	0.0146248028953076	0.166227936516323	-0.12889438975503	-0.109786273311907	-0.144566271081088	0.215699568473981	-0.126476809554121	-0.173809096277987	0.0081214504204284
"feces__J415"	0.156438431751627	-0.114652295072332	0.0717793028653954	-0.0274007012291103	-0.141864873460863	-0.0867166872387933	-0.180152715563662	0.187640285330271	0.0388943618828015	-0.175500205240813	0.0500348264578422	0.25438633039933	0.217900622792603	0.138800955069733	0.0872245047791674	-0.059227774819694	-0.150727162259571	0.345709103008013	0.112994315891204	0.0667525957898841	-0.0922890810870828	-0.0862913176756001	0.234801257075985	-0.0634723455648998	0.239402760250625	0.12113287574429	0.174167152324389	-0.130568579360237	-0.271020485204542
"feces__J416"	-0.245864779359772	0.0283799070826233	0.0806334892161779	0.0335865889306472	-0.0509621310757039	-0.230100682209291	-0.290234798936129	0.117948452754178	-0.0839272861991383	0.385557178712543	0.148214512603489	-0.0198798733575572	-0.0988566404970221	0.266631994195354	0.142821378211908	0.178338019721774	0.056302249428447	-0.0591519011291288	-0.0377290006705921	-0.333822977754934	-0.0433891971435265	-0.0296988161774488	0.203656624363218	0.083479617155527	-0.123748529074153	0.0690858335680181	-0.17060908754538	-0.053662144056656	0.106687271631669
"feces__J417"	-0.219920761880965	0.162748084555966	0.132407967249849	0.0578401246514803	0.239706202000565	0.0380655848372179	0.169919916567061	-0.251450747413413	-0.0269336976425317	-0.090380703047346	0.108544919244279	0.175779411815114	-0.265234771541929	0.272692080230935	0.149012565527879	-0.0408299041822467	0.0396418158785092	0.0297234210066405	0.386686257475476	0.138155736208656	0.0518199267713252	0.14067832585816	0.143762037007819	0.114253928171396	0.00791523728787728	-0.0351656319465723	0.183416733155982	0.0178805182243238	0.10528454247026
"feces__J418"	0.0981385001870728	-0.144891790204824	0.27884890240048	-0.0775700182297822	0.140695777082334	0.0424754035651994	-0.000435793276511848	-0.0256518605416106	-0.000503014935511092	0.306314316173597	0.0516911616959659	0.0352454862977902	-0.0155526223613866	-0.215590583190233	0.00115921019626438	-0.00354446942064819	0.0942149882965024	0.0144792699644718	-0.0850710400421831	0.030954504517782	-0.0420786014197261	-0.134899499673475	0.194763216369516	0.221814878250095	-0.0278898966004859	0.0717751272796336	0.1527842954925	0.328288646809344	-0.251973136051946
"feces__J419"	0.154012799380818	-0.164926661441653	-0.116387305111905	0.0362319729699484	0.128163158382612	-0.0828895458463136	-0.162003097105	0.170262499306918	0.150383912100742	0.0769841448921836	0.0356810851547348	0.205855141809452	0.129359886121723	-0.0316192434155864	0.00728426839537446	-0.00872107828904087	-0.0607376268174489	-0.10512079825701	0.0705844009037927	0.0114902366346183	0.0137586831940327	0.430902683962709	-0.212266790537164	-0.026313963721418	0.0512401318303875	0.107661730294529	0.168975675567968	0.44395495525157	-0.0175312017624814
"feces__J420"	0.113590360724631	-0.171143487851575	-0.117904977325222	-0.129144270617777	0.118217535436515	-0.060428743222928	-0.021918671628389	-0.00537362034335658	0.0627677046556666	0.0325818790520616	0.146558756869151	-0.237514835295612	-0.0662879122734076	0.0167424014794584	0.0903032041672596	-0.0332971112808477	-0.113096321257765	0.141871378891857	-6.28265797067637e-05	0.23404237957089	-0.0281313985027036	-0.198391511550441	-0.294810899228381	0.161604780422777	-0.042621625361406	0.123108593182509	-0.0223855494565454	-0.184092209039491	-0.222140125438943
"feces__J421"	-0.168966092421136	-0.112423531951099	0.139383241246255	-0.145511142278632	0.0302841779412841	0.0480347939271588	0.217405505833224	-0.0311141631368498	0.0825006230694633	0.164911530830066	0.0765009745675681	-0.396747974277056	0.206010524029281	-0.29734248372628	-0.100483038389842	0.00034542758741169	0.0727278865004416	-0.0641330980922297	0.193353286569768	-0.146153503339207	0.165434381036443	0.1374608375774	0.0551319039203425	0.144058430175142	0.189224376581205	0.0403062931756848	0.0297720197168221	-0.0200196931353196	-0.000765984857896117
"feces__J422"	0.0627410608056993	0.0706243635507474	0.110056801474272	0.0344411283185323	0.0180230404535834	0.0418562570228713	-0.0171116410572588	-0.0984685222142506	-0.0142314886751856	0.0296459975733685	-0.279608911137543	0.220027259769281	-0.0930893994609679	-0.155735583902556	0.307439434686306	0.201257689156436	0.027604540852927	-0.0873132310979896	-0.159576820349739	-0.0361269946791584	-0.002346025463745	0.293848296900752	-0.132743644580491	0.0577736952471663	0.456279648845502	-0.0564427819227026	-0.0351775453996619	-0.30477343739881	-0.0545818275916244
"feces__J423"	-0.173163787827187	0.0635984466295205	0.171987272774833	0.192772249560119	0.025236173797758	-0.0853456299214097	0.0032433444584733	0.106338739137512	0.212841683520052	0.0102379908335223	-0.0410785285291188	-0.0989541583893636	-0.0461475885004793	0.283317456185757	-0.367084466019642	-0.219674221706864	-0.0941506595731398	-0.246969918319204	0.0903035999678157	0.0059545640927052	-0.0638739476862541	-0.0289701071770438	-0.118945701919799	0.109838981267791	0.0907311400446223	-0.241701757670158	0.330929962482473	-0.209560920582462	-0.226064617191593
"feces__J424"	0.00658890357357591	0.211946591569146	0.0971779299722026	-0.300093890067756	0.20027583658616	0.16219979481003	-0.113387185073048	-0.0511301215327922	0.0266489099702044	0.28025019328293	-0.161461913183827	0.0778073422042523	0.106315656449042	0.124958151153895	0.0032376906388817	-0.280850847132131	-0.140093615796754	0.192716502462444	-0.192086302353228	-0.0326319578566849	-0.11892611288397	0.0841571925175982	-0.0581486690051342	-0.299053714140377	-0.255597648443923	-0.101303962527377	-0.0116577928864027	-0.043292797084763	0.0295510261774945
"feces__J425"	0.165671626683626	0.00221970487680718	-0.0504560699039142	0.117441248497142	0.11901002672855	-0.219902024727717	0.016924073160591	-0.272629899905466	0.103217487938499	-0.197067584726576	0.156456608524934	0.190189609723867	0.0245059932632058	-0.127157737440661	-0.188542069590411	-0.0703283024116049	0.318027325060328	-0.12788349170009	-0.0730423216393184	-0.162943797111521	-0.00496792304069689	0.0383668765848141	0.0900077513522988	-0.108425288645582	0.0213387763820557	-0.261053541390271	-0.310512889333066	0.0480953664245188	-0.0638927843724592
"feces__J426"	-0.189399224261681	-0.00736178619235919	-0.0714470317811847	-0.00559894574935643	0.0223594496002808	-0.167257883893566	-0.0423905480472927	0.100185440170866	0.251653322938253	0.0141548066790842	-0.0376758005228329	0.140616351512328	-0.194818998388915	-0.278609233743771	0.121591748189405	-0.208910382638367	-0.163307438373045	0.176216913488679	0.244422072344491	-0.242896750340482	0.145830460276301	-0.195159102483441	0.0056337682840409	0.167907621897593	0.0526204067882345	0.00391224695540836	-0.233972613473125	0.0358160272738973	0.035447932109654
"feces__J427"	0.131403931628847	0.144102270978352	-0.12365344078449	-0.0910044542890498	-0.32631247047791	-0.19912493379184	0.0475491971830359	-0.165128301768262	-0.080508550231468	0.148078441974844	0.12872331951858	-0.0204264211381975	-0.317407186120777	-0.131126774489156	0.0678998025484515	-0.11733889172344	-0.0905786058246391	0.161881121428139	-0.0890031500241304	0.0361978362285386	0.0959276018733523	0.156088086305056	-0.0477251866353362	0.0800306667799409	-0.206251499922184	-0.0476566392042073	0.180196610539854	-0.00721795508288954	0.0185279429323075
"feces__J428"	0.134081570030944	-0.158399786153	-0.102926645072854	-0.192901689235301	-0.056074673258562	0.183352727366645	-0.115993000718559	0.0338800981741812	0.00955932265713612	-0.238980804381401	-0.00147117433660613	-0.0652847944750438	-0.0660934702975098	-0.10870618320328	-0.167136716977826	0.159324086820604	-0.289416064276604	-0.0018107411537546	-0.117377972658045	-0.206969878723446	-0.0153768611314407	0.205858832509654	0.12967054963588	0.346855513283468	-0.157847591164953	-0.156885148725762	0.148070256229376	-0.159085500980543	0.233038936945773
"feces__J429"	-0.0474889830540006	0.258649807170613	0.386299518822739	0.00728131095401887	-0.207522995263476	0.0226399015946282	0.168937610422182	0.119194696070503	-0.179472910212764	-0.148539553485556	-0.161201897609462	0.0218498171071161	0.0758907337324437	0.00248537628723678	-0.194500429522883	0.341856702147587	-0.0186637433132383	0.166472872504256	-0.00817947458938935	-0.010434926431296	-0.0386723879557577	0.0174826980151838	0.0612073999935785	0.035413853051779	-0.0450361885312885	-0.0552758223106188	-0.0390868389519792	0.305656280893727	-0.10660431067214
"feces__J430"	0.0986656745448578	-0.0509123381122785	-0.00856036879497045	0.0313834319590242	-0.178901551646533	0.211654969423774	-0.253710595019734	-0.170623756793785	0.000564586739875427	-0.0713049134420077	-0.0733477234999057	-0.103187545066037	-0.112527415768346	0.153460150194711	0.0759229315685484	-0.0689698915241671	0.0711684663191081	-0.175557365711789	-0.0547226839814627	-0.172645407104587	0.473452175148124	-0.00625190907404348	-0.0347583495793147	-0.132816375514138	-0.14763500884153	-0.122191939387275	-0.00915342365622137	0.138161502647849	-0.449939567204511
"feces__J431"	0.0888834692056994	-0.23651063624119	-0.0264634490810093	0.0466218526552079	-0.172788426001187	0.0135486164763171	0.18162856875235	-0.258503024078807	-0.0125975112557904	-0.0142849335283511	0.11834597829532	-0.218946900499203	0.130508371388562	0.138370710236265	0.142268881981091	0.126631083910882	-0.0837912884884074	0.037777745843065	-0.0316400606752165	0.194573192037709	0.131315696142442	-0.000206074495482531	0.276704545613526	-0.0920392963797174	0.0588316328966856	-0.0606297984083043	-0.0909519487829459	-0.118027522755199	-0.0445856370649065
"feces__J432"	-0.0658759510963776	-0.0651163250498424	0.205581540095702	0.0652298886019068	-0.0524998179375478	-0.0503506889844001	-0.0742655983890929	0.0418791143918797	-0.0955252885319337	-0.170290558660366	-0.10173472883471	0.0984043330226591	0.0527426131772171	-0.00390044811631558	-0.24383813131091	-0.244477970679274	0.15145187494665	0.0716209069427209	-0.266365226225565	0.159693990692229	0.441116999168904	-0.131950487887287	-0.148273760602845	0.124081528156775	-0.00447569878658706	0.285914871707205	0.0507355487943124	0.00844944345427271	0.380867405480609
"feces__J433"	-0.341902873121555	-0.090111727431334	0.00281708925381197	-0.00769336567550848	-0.11317727479168	0.064503893255722	-0.048927338803001	-0.195146989813919	0.090278565791824	-0.169241855888722	-0.0261421150422634	0.186122828266346	0.0605634695266728	-0.149021528269679	-0.00836577643694923	0.186022108755318	-0.131064587164467	-0.165499269061471	-0.139551685151317	0.0854963296175991	-0.316770625778198	-0.0267234220199904	-0.129019574682249	0.122486128160008	-0.323020933425772	-0.0565356652904433	0.0191836069418113	-0.0252152479038748	-0.093249573890865
"feces__J434"	-0.00782518234021241	0.231936019605214	0.0459339142468033	-0.128426411644302	-0.0901839431245966	-0.389995521752784	-0.00699462797627466	0.0918565423914383	0.272975038055719	-0.0418505697406562	0.162805582190187	0.0239999329888585	0.326009273217586	-0.168446173260138	-0.0218657588350347	0.0772300227450345	-0.041566294814674	-0.22846295670287	-0.00336604642769139	0.193963536120436	0.0158511948550746	-0.0292773279617444	0.0866979511010222	-0.157532773191396	-0.161770600848502	0.0610178275738262	-0.0809920855999499	-0.128190934045164	-0.0312361331443654
"feces__J435"	0.0596642561787861	0.446236232742015	-0.147881776634027	0.206648908733163	-0.0661211297851698	0.0286134731253227	0.0827285997155627	-0.270640175692544	-0.0421593018077359	0.121566138764351	0.0573463632913775	0.025053605331669	0.0568331023876775	-0.110173372721524	-0.137844674698784	0.0308938889577848	-0.170189824767849	0.100691621037751	-0.0983319626137562	-0.107898554061633	0.00739222208402061	-0.264376602454231	-0.195096091435963	0.00416347038867575	0.185541665611653	0.102105750296962	0.0614002021010757	-0.0432414574594482	-0.0417086305756851
"feces__J436"	0.136726781677898	0.191403479283677	-0.0546310700202243	-0.0350298388973443	-0.0705491022741424	0.344831050005667	-0.0658756679633563	0.17851380446709	-0.0538452405106584	0.122063004330762	0.21340233622396	0.168194352618149	-0.152040010203618	-0.0804783424654206	-0.0993914439337717	-0.213863939693673	-0.0141373916090329	-0.221471879057432	-0.0598531005919833	0.302996095353995	-0.0966656894002374	0.0216605213314917	0.158689404941466	0.217415513728931	0.203665782467446	-0.0170004702218732	-0.297727890986136	-0.00440538248046431	-0.0235279903517072
"feces__J437"	0.0481038195239184	0.00201563503419893	0.00871161886813299	0.0154925286513886	0.408643385316291	-0.0220586510548004	0.00374451217191039	-0.0701003941136534	-0.0792439676050281	-0.203157911605097	-0.269594560802588	-0.0774456023585494	0.107009517581552	-0.132106012739299	0.121008006070708	-0.0790531123749154	0.007092342910269	0.190349053726942	0.195497697657772	0.092823778875587	-0.00376285978957159	-0.054510565605739	-0.0686189088019769	0.0889466149679202	-0.215946198980764	-0.199203586120577	-0.173157749317042	0.0186531769235078	-0.0620276303109603
"feces__J438"	0.131883102022819	-0.0123513161390135	-0.0931129542919957	0.333725797025433	0.008437134008098	0.0950939534956266	-0.236646776104134	-0.0181486546268793	-0.091833616723181	-0.0645955765101124	0.301441841300362	-0.0777159799518995	0.0697519829175052	-0.0662065085352797	0.106448686072229	0.0796843867088649	0.103615739456022	0.0968730025877807	0.0516492466233383	-0.0245158113514489	-0.199785401577884	-0.283160991384921	-0.0348887896383648	0.00589396839208928	0.032434358300903	-0.258388347587386	0.242063143037631	0.210530017027286	0.250194792363014
"feces__J439"	-0.056293841496744	0.130493991472301	-0.118119400482462	0.0956525476200278	-0.0432065227732451	0.0648633792547405	0.0183741467281188	0.372214278909596	-0.210414903080224	0.133246865326765	0.0542815345404092	-0.0793490126488653	0.139229722969175	0.078022092162902	0.0898277648224265	0.240410420431925	0.134784570111087	0.0635513160374944	0.139964083996265	0.171645003150139	0.163152760684246	0.0852768860835419	-0.375049884303909	0.124948267225566	-0.0991020899647744	-0.190762887830826	-0.196890656146385	-0.0550827657781691	-0.0807907156427932
"feces__J440"	-0.253237685358399	-0.0180240570338269	-0.148371825463945	0.408610842110592	-0.0019729325406425	0.14146067672628	0.0453916502610563	-0.0176367792460793	0.124129307435146	-0.0428786010062206	0.0540258052358752	-0.169897776838331	0.197299235079276	0.0335307887681007	0.160184105712261	-0.161023275330332	-0.248499205919782	-0.0409379048230875	-0.128491329116786	-0.0503759688637137	-0.0242171963534373	0.251551339184919	-0.0294653462546006	-0.128389919668239	0.0321996500611692	0.184202800388286	-0.0663143963644801	0.125932050276142	0.0919402670098103
"feces__J441"	0.173509557048668	0.0607246435776068	-0.175446945248235	0.0704880878633215	0.263498673699588	0.0979300210939496	0.11546915233965	0.0850852919444677	-0.102097971900253	0.00208470795168059	-0.0773985983634762	0.12891879718715	0.350617574236133	0.195918493753937	0.0472595919520303	-0.00133727109293307	0.107208895528181	-0.107784280035897	-0.123850273194539	-0.296084676126274	0.0886105319824586	-0.110908911386643	0.198704302902447	0.270385280325519	-0.122445697079251	0.13013069566187	0.0536195702468629	-0.231432180834277	-0.00463420502436767
"feces__J442"	0.247291114495309	0.0995539644779439	-0.0202229498798263	0.188084634296511	-0.093102981703664	-0.111048383210037	-0.130625745017803	-0.0353520734996695	-0.149648120226431	0.0642845237518385	-0.446296963108749	-0.338601309111134	-0.0386447291767671	-0.0461803534626784	-0.133056886050203	-0.111241089694166	-0.176011095575564	-0.0523544858662854	0.21754921431445	-0.0158343221180379	-0.217340093795125	0.0491804331700088	0.191479219965778	-0.0541469382801579	0.0319361039758525	0.116468634761019	-0.128649700783691	0.0697056004423295	0.0724294586927031
