"MDS1"	"MDS2"	"MDS3"	"MDS4"	"MDS5"	"MDS6"	"MDS7"	"MDS8"	"MDS9"	"MDS10"	"MDS11"	"MDS12"	"MDS13"	"MDS14"	"MDS15"	"MDS16"	"MDS17"	"MDS18"	"MDS19"	"MDS20"
"J401"	-0.11551652643346	0.0382596987969172	-0.0701755423588934	0.307177608188131	-0.0295646739394885	-0.0571487702012849	-0.20578980462917	0.470288046666519	0.0834203323484373	0.0564430538770467	0.101181840615988	-0.143078370730987	0.00700572456103414	0.0598675383603881	0.0518552335368298	-0.022560490682497	0.0795181493918322	0.0359331203400014	0.0590386868537069	-0.0298604306586012
"J402"	0.163136339813046	0.0799131544597518	-0.248202123951326	-0.0481278774469254	-0.318013559908745	-0.0629958639433185	0.0503677749169031	-0.0887837084288112	0.119965316515392	0.091350528434811	-0.0668053847662334	0.0555800970203079	-0.0944990029267718	-0.10302101655577	-0.0568415344869961	-0.0913574835727781	0.120794549103678	0.0788450364132773	0.0717743227180651	-0.00246657672231104
"J403"	-0.39936342336594	-0.0152884085387376	0.0798716654359896	-0.0136444558537779	-0.187516768814409	0.121386018786793	0.194535032150737	0.0580766004374001	0.0984651896932314	0.487694457846399	-0.192654077668224	-0.173695542790454	-0.148626015387991	0.0578043083158139	0.000221760145422305	-0.13737657234087	-0.0977271326163915	0.0793291902065943	0.00105960543268897	-0.018722909124227
"J404"	-0.265056880923918	0.0619439291345623	-0.0705451356503543	-0.141195979344437	-0.166496990078771	-0.0903353936360617	-0.0943567730510013	0.17577491094107	-0.175927634318371	-0.262293126327583	0.0904932102514251	0.0204426110981473	-0.0817362951801667	-0.242303879638052	0.0555621900802006	-0.252900636818404	-0.307182173756187	-0.297251508839135	0.301447910214613	0.0106959655241995
"J405"	0.0652097714396833	-0.107223699922012	0.161398841179756	-0.0679616714784823	-0.0549999345163417	0.237885343809437	0.105167738814772	-0.0956149035541362	0.406063005767337	-0.228229884314206	-0.0201770646939029	0.0695139726937786	0.262601724679453	-0.0867385914636086	0.104940413960197	-0.143358651532854	0.127805619579781	-0.0927636173238247	0.21185827727221	-0.140203970408782
"J406"	0.0256756693484381	-0.0832137266755468	-0.0489500639291774	0.27168602864043	0.231383042209507	-0.162767730605025	-0.00652926733217353	0.0894721492140408	0.0783628518579614	-0.0253785714701977	0.0580568872089301	-0.195786384795346	0.118608803029597	-0.00835436916957693	0.203547286399491	0.171537621949007	-0.186360935433038	0.145868869600696	-0.108189524703992	0.0622723935073987
"J407"	-0.113489024764508	0.207814882597288	-0.133017150226654	-0.132482854777135	-0.0656623103694914	-0.170741745658847	0.174439523953935	0.0393157693446727	0.320080588532784	-0.188956005355167	0.0226105389400153	-0.0477656732953771	-0.0886425187237396	-0.124995579349008	0.0267151142847271	-0.00726895756185048	-0.00716041268627447	-0.0849373215917432	-0.195800953639131	0.169875055801922
"J408"	-0.168919948243635	0.295064607371573	0.0422529643107131	-0.0108061176762823	0.147564249184042	0.138978096736943	-0.0527550778087126	0.0582322173759558	-0.0543829687461085	0.0826664443819997	0.0561718004834834	0.0213263864479481	-0.23649843364405	0.00514783412972112	0.294260886683599	-0.0245309099698087	0.134837638883984	-0.0621852087174343	0.0799634464816926	-0.288929512841117
"J409"	0.038748317679274	-0.165819646612859	-0.129981282460059	-0.0449310282601798	0.155139671161872	0.0725314083535549	0.0708019114449921	0.00628303981049165	0.121152325744367	-0.160363956609979	-0.147689252622675	0.259091622305336	-0.0609178178086744	-0.0454667754342628	0.0566755004977185	-0.0416788997871998	-0.125558543136886	-0.173240560994094	-0.394921423304964	-0.311912738709398
"J410"	-0.0824860271622325	-0.0596975988026568	-0.0078095097412015	-0.0564559725806312	0.399317591864603	0.00690677695433518	0.178237276272716	-0.0039300170171309	-0.0682773164153709	0.0652738010492873	0.0704659451082777	-0.117277837987012	-0.0179413173538808	0.206894012521947	-0.151342928533415	-0.328567625178586	-0.0118876093554858	-0.0302522170726437	-0.00362239374988513	-0.0310494182487567
"J411"	0.0283407587487536	0.130168329467205	-0.353996985398816	0.263312318774571	0.098336507424665	0.17813148588614	0.165133568858168	-0.237623875978691	-0.199156002657097	-0.0520355916135129	0.126471126940779	0.0700446732265267	-0.199521126282015	-0.0661650966101973	0.195477719065075	-0.0552558128403271	0.032318189767898	0.250580688449068	0.0459851505434962	-0.0647959983706425
"J412"	0.0993962868501286	-0.0160921596910589	0.0450129113754721	-0.084570884921905	0.0476069883644602	0.0853876589458581	-0.109116193793146	-0.0701170094216753	0.0699735508472004	0.0149974112896713	0.167713741886597	0.0674463570058981	0.0291516164171001	0.156950942691985	0.362246512219472	-0.0907571398270301	0.120193386794421	-0.230478553276599	0.0259680309911115	0.475632120393181
"J413"	0.28481938952886	0.049133095419793	0.271300805402135	-0.1049064535323	0.159583327080287	-0.31620751134253	-0.161931448012459	0.214918562520596	-0.12510173965228	0.135119505648185	0.0957162385079027	0.106934046507533	0.0282361096099451	-0.129250965033632	0.0650616686239896	-0.0521769461283032	-0.0805268784300411	0.0522926815800615	0.0224838941720461	-0.00280053110571504
"J414"	-0.127428132945969	0.262422979758048	0.199754646670115	-0.051777288936009	-0.0736215347531941	0.235851918630853	-0.240883495670155	-0.192904772575197	0.0346128623194912	-0.233464998747438	-0.192407654362384	0.0162569489731216	0.131549201600559	0.120144056867351	-0.225251815225351	0.0978866908212955	-0.148021135578669	0.0848172639815067	0.0465436489052938	0.0715712657022977
"J415"	0.0858430887391554	0.0719556451337628	-0.0425164513977515	-0.231664714441296	-0.0788343676407654	-0.159311379041546	0.184584312414862	-0.124164956000273	-0.167233189087363	-0.000484429943600929	-0.194877542866443	-0.156357955941313	-0.0221343536149156	-0.180145807186448	0.246852851268419	0.0316752500294669	0.00799916427849823	-0.0166665677313627	0.191026039620312	0.0310435513520979
"J416"	-0.0348037255385972	0.108542536408137	-0.0255562244164816	0.179006793297645	0.181517922093988	0.00914846637824283	-0.227916516927134	-0.100490480023576	-0.106487062665622	-0.142924926985125	-0.529730220012796	0.114000795095485	-0.100732410549261	0.223182588757408	0.131609506992058	0.154760315436009	-0.0494213544551824	-0.0508129792149353	0.0313504126973378	0.214811692404381
"J417"	-0.126800292901429	-0.103719962737971	0.232537316058495	0.156992075111313	0.185750695727322	-0.159577348677954	0.225026881449023	0.0338059776944155	-0.049397554642159	-0.0655219898047139	0.0712818980830578	0.0428102757082356	0.010906797797292	0.0127989578830918	-0.197169465955522	-0.042513272276219	0.206266562477604	0.0183206327350167	0.14732915032035	-0.0240631159779337
"J418"	0.106867349639313	0.00165643903751705	0.0262761107592771	-0.279829638705603	0.100116268854799	-0.113152676604027	0.189025591219019	0.0730127220323487	0.0914503048431837	0.0597615771417158	-0.109845592554498	0.281479563479133	0.0631186781558201	0.0167406333845601	-0.152722864256158	-0.0123013656004675	0.0231359535133253	0.133737740240819	0.118340188855302	-0.113221537478478
"J419"	0.201567547869828	0.192411827014526	-0.082482800976132	-0.0876842416615236	-0.0511958164042318	0.0317588940656863	-0.291783432068122	0.157074493965623	0.00968993151770843	0.271225913857523	-0.180442677989931	-0.0929040143298259	0.14741930776592	-0.215208175909184	-0.0448680693820696	0.0132547104607987	-0.158957351849105	0.0922782286026028	-0.223421911339138	-0.14213920720569
"J420"	0.17829506577188	0.112132552549477	-0.133641002111754	-0.00855343017363424	0.00852119941953229	0.0800073813788784	0.272337633093403	0.167393445241961	-0.114070650946665	0.179749038680413	-0.124688701173662	0.247104911858144	0.293034004387806	0.0700120932640232	-0.0316507000277342	0.178763886978312	0.154610387143491	0.0818064632610371	0.180409809534041	0.251569067241342
"J421"	-0.00299444692082181	0.109548780401774	0.0401195422072645	-0.0350992854274038	0.281938374459101	0.0139160509206429	0.17381413484332	-0.201826844401803	0.0752179712600095	0.170277860419779	-0.03937170434236	-0.207515912358849	-0.0500984373254075	0.0128332544706677	-0.0722473847543959	0.157419526530032	-0.138403343513901	-0.390947230038484	-0.179387564608173	0.0265093036419507
"J422"	0.0615217431352997	0.1177027438525	0.274654393023577	0.0538467025571222	-0.0482442005005564	-0.203226326025465	-0.261019507057195	-0.107744698132428	0.093889488224061	0.100718185437322	0.00968487560866879	0.121007569363324	-0.175634653413685	0.0525616410935288	-0.0732806149275221	0.0641963628296251	0.221681686278281	-0.115246539428281	0.133948410079094	-0.19447831921707
"J423"	-0.145917394066843	-0.115556487288796	-0.239068689748689	-0.0546375414305807	-0.106989490232976	-0.178733485715886	-0.218943876607858	-0.24932942472392	0.191592367421112	0.111532524867346	-0.0342866398859157	0.000224843834878856	0.137546145517333	-0.019037035520345	0.0430490559160613	0.0401293583556269	0.18279687289461	0.10252717949396	-0.138047010992708	-0.105985140699015
"J424"	-0.0452527097563762	-0.0403891481915776	0.0983632810318104	-0.0384272275022962	0.214178903495565	0.0599382833878142	-0.115904162344311	-0.149631217315765	-0.0421090960462674	0.0367150288198239	0.175778107386182	0.309469364034402	-0.128871221644132	-0.259616809922953	0.0972520952663071	0.133879166877897	-0.14796194283878	0.196069307137354	0.114415480646927	-0.112659811583402
"J425"	0.269695453089554	-0.0822122639432584	-0.154688297501079	-0.124208858056135	-0.0722442584227354	0.103986528423773	0.105528732936953	0.153640270380184	0.109494179478813	-0.114975076723004	0.111770672748146	-0.151726323720601	-0.146518291328549	0.155258632090782	-0.01662332341337	0.323011909651614	-0.200921847735299	-0.112874093866136	0.109726628574421	-0.184655840925226
"J426"	-0.211737139805373	0.0842472479829899	-0.0021744790438974	-0.0434994410697338	0.0266895725576686	-0.0256903743039494	-0.0181395517498284	0.125480448688752	0.115933608182986	-0.0588366713006136	0.242038454443391	0.302767332769448	0.10783917929167	-0.043277197836063	-0.132088632393824	-0.0722708603297703	-0.18095900326693	0.111446856918639	-0.308845850050342	0.321932162703629
"J427"	0.0729779786213719	-0.142704340138731	-0.192704110976077	0.320224626421327	-0.199293426859733	-0.273175234428581	0.115523255953883	-0.134418470639177	-0.0187869149424286	0.0983432682368825	0.0923617637261545	0.222395881925058	-0.0571881210454557	0.0430989474524655	-0.113669305311303	0.0650087849226826	-0.22031830642184	-0.115185302759132	0.0713735462245729	0.0456675224395921
"J428"	0.0921150463959141	0.152284060863962	-0.100402814346519	0.0116697501922488	-0.236350937152547	0.197331176684936	-0.101937730845251	0.0447381684478008	-0.0974855168093004	0.0327605538157755	0.343581058633971	0.0798132455624543	0.0875736164984114	0.445237534406192	0.0263125179492391	-0.0219610697016214	0.0162729999025294	-0.145053876167647	-0.0187514929936472	-0.120939580555214
"J429"	-0.124449129354085	-0.51695938952077	-0.0392710798116816	-0.225627646640815	0.02928049825427	0.185959627334911	-0.212723957148886	0.0333072712825397	0.100641485151244	0.300820222072238	0.0143436599288474	0.0806408306051885	-0.118086985970685	0.0647442365179991	0.0799837815046609	0.0874819447677445	0.0467155783193529	-0.0391876409737789	0.0823063524611926	0.146327183541903
"J430"	0.0805557388306347	-0.0237108533314197	0.312026911980387	-0.0167515294852526	-0.292045725693993	-0.223704008345706	0.162622574916432	-0.0174430756458524	-0.145654957805098	-0.0304487058668196	-0.0331772024053118	-0.0803775488495265	-0.153668670994818	0.148496800177904	0.0249430355304908	0.146587687856904	-0.0375023355568016	-0.149468190143245	-0.20169183853017	0.0392308394808705
"J431"	0.1263343204109	0.0784561002158273	0.213694491754619	0.407149364301399	-0.0192245635379044	0.140133902056279	0.14217084843153	0.0514547864166679	0.270495293842263	0.0744992361249149	-0.0381360668790981	-0.037345976805755	0.0204061606006008	-0.182001190932646	-0.0129761290940871	-0.00357098791455778	0.0828941477559494	-0.108507069342339	0.0620488517487456	0.0260895158720735
"J432"	-0.127287692169348	-0.170604780541937	0.0865716331726546	-0.137817362410404	-0.0773657423244565	-0.00579748071612565	0.0377554763897002	-0.182149441162917	-0.416288345706568	0.0297161008916006	0.101590291014707	-0.0448193897856933	0.136639861670962	-0.0339103105462035	0.00483506809834288	0.147784430141521	0.0493032711864298	-0.00380961108136643	-0.103303664001275	-0.00733041015550285
"J433"	-0.308009558079654	0.0788880523173368	-0.0324913318617809	-0.0557216412567999	-0.0680712800237239	-0.0102744604528896	0.0799794218606093	0.188850716813957	-0.112049443175864	-0.171004971328952	0.012775687961347	-0.0364733525580889	0.0391093369299673	-0.198004079688406	0.0282538921241576	0.312896549893989	0.445167911541647	0.0432904302073489	-0.158819227195529	0.0336447273027709
"J434"	0.0373187922919615	-0.321250307218809	-0.149852236874684	-0.00943682838829562	0.110652679568201	-0.170865570100342	-0.164625092465772	0.04429260975468	0.0434844395999798	-0.272696126832695	-0.0323253746070959	-0.267122219020206	0.0616198759412054	0.0444017683233527	-0.026028877610403	0.0747336485781469	0.171869436888092	0.00153688425139278	0.0878096124489788	-0.0706044373477204
"J435"	-0.00146518563545582	-0.23636184998813	0.213546397818173	0.250660431449409	-0.236796913522872	0.045609552124613	0.0485505514197901	-0.0813023663465463	-0.169577289852867	-0.0548616787849352	-0.13452419807792	0.0212737102152516	0.334820213698135	-0.0474825209005129	0.282601816251824	-0.271614809152673	-0.117654935595091	0.04896917196629	-0.157850262990006	-0.132939295944824
"J436"	0.0472376354858778	-0.237441190981794	0.0437910895812177	0.0996828657185113	-0.123262373297073	0.169042216854814	-0.0168724820970873	0.18105035187728	-0.0778482498819489	-0.185339804780367	-0.203757902342138	0.0996564293790741	-0.435817417922008	0.00349643221714841	-0.292781281368496	-0.0516208095680094	-0.0115083401261211	0.153287118204372	-0.00375539077137545	0.106889997899405
"J437"	0.0350602088854514	0.00216729513030333	0.191072137478251	-0.107599479529592	-0.04115597524773	0.121088154309723	0.0654177982157756	-0.0880789172934859	0.13885474512189	-0.0812113566781047	0.188490782674502	-0.31448318869152	-0.0185648419019345	0.00968094814129623	0.0517471517753461	0.165599355863023	-0.275905605115218	0.451290067164747	0.132062632565275	0.0999520278568206
"J438"	0.26304637527662	0.00660793833124247	-0.0820750478906126	-0.151541041321072	0.0807304200988978	0.124486850608136	0.0109707456764271	0.204055568147356	-0.161124658633774	-0.0608393029421541	-0.166980634935091	-0.17390866116881	-0.0149639997598165	0.0185135506308899	0.0209868121036727	-0.361761198542199	0.101683218978107	0.0621604889063646	-0.107958261966125	0.092802440855014
"J439"	0.0102601326639105	-0.00604753425764109	-0.178672643470951	0.126988818659731	0.0793847859724253	0.088176175616106	-0.171706248378044	-0.179911648659076	-0.103151181050601	0.109756699251898	0.0433688943311764	-0.190528282543267	0.176071607052926	-0.316423128874297	-0.377046919434427	-0.0466129715631342	-0.0270677997235075	-0.24680405276457	0.203481347010117	0.1338769711115
"J440"	-0.20894316945841	0.0842844690006153	-0.102873049992722	-0.0527367296442584	0.052040100028681	-0.0764669507791789	0.0535884289001814	0.0805917885992886	-0.0801875105773971	-0.0403042019098554	-0.0643870366711685	0.0186818006714463	0.322767288817026	0.310512276150097	-0.146849245502346	0.0557432014537483	-0.111565898091786	0.0446272047476223	0.11932886293095	-0.259600704843838
"J441"	0.172573018801435	0.00774143561416395	0.102243749461925	0.00552578868093155	-0.033608562626897	0.286490243484543	-0.0330432912233405	-0.0577050858643133	-0.178548918613836	-0.0248512676838825	0.22134429947716	-0.0746910060512544	-0.0382774539556251	-0.144372565670267	-0.228747249879122	0.0364942424961927	0.185040455117947	-0.0359683142528362	-0.278848921034405	-0.0517073501261368
"J442"	0.0633243782087626	0.110945547524434	-0.0133408345645366	-0.0362259500400107	-0.00917339195125044	-0.273959901154296	-0.0996013049234849	-0.287939002468823	0.0900063639575324	-0.0543987661417254	0.0889731528961401	-0.122105628356233	-0.12708586728918	0.207396108392822	-0.102805528720757	-0.326827175004476	0.131667705485077	0.232625831170817	-0.0678646074316781	0.0506730336172519
