"MDS1"	"MDS2"	"MDS3"	"MDS4"	"MDS5"	"MDS6"	"MDS7"	"MDS8"	"MDS9"	"MDS10"	"MDS11"	"MDS12"	"MDS13"	"MDS14"	"MDS15"	"MDS16"	"MDS17"	"MDS18"	"MDS19"	"MDS20"	"MDS21"	"MDS22"	"MDS23"	"MDS24"
"feces__J401"	-0.113285061445633	0.1184495892218	0.00323954957853026	0.288904886906964	-0.341639724478703	0.0113605966545403	-0.132920803434191	-0.185498362779627	0.0186745793507084	0.289646057095739	0.181225830810436	-0.033686085050194	0.0225976086981985	0.184467481999273	-0.12972489840245	0.0839917937687336	-0.0482972121314664	0.173945441720764	0.104697809012149	0.273496885594801	-0.0141046186350749	0.0690066328198981	0.0126473754388232	-0.0196805707826985
"feces__J402"	0.111448835386279	-0.226165712189509	-0.181481215720352	-0.00834327184097266	-0.0970816367021842	-0.00979562711343115	0.178510999921584	0.0385962785939565	0.147248642190642	0.00800578324840549	0.258459049589654	0.0541237754088569	-0.0801287716289689	-0.152568799561908	0.188425400910788	-0.166199263874883	-0.281817159696054	0.0813301334961081	0.216233965368442	-0.0266236404288997	-0.361593378198959	-0.0661939178644878	-0.108652351049864	0.122325307836346
"feces__J403"	-0.334742327318275	-0.0217529757501161	0.258765413103456	0.0791557144876577	0.237906099442035	-0.172067362356077	0.105380718282273	-0.0398758829815179	0.104751205814756	-0.125085371542824	0.143842105592991	-0.180910921892463	0.0694150768679104	-0.0732326553196282	-0.351166779840048	0.038403323632529	0.260089822595075	-0.0434930080058011	-0.0857786191899343	0.128471129953277	-0.0696365983817516	-0.00813491859412029	0.0161029715651018	0.205733504064212
"feces__J404"	-0.0747047823000635	0.047460434534212	0.214501241338076	0.0420014826950012	-0.294736976691181	0.0375846117684375	-0.307634839200909	0.0566701941025409	0.249129487582255	-0.0502895991130587	-0.00833864099083696	0.204968326151587	0.174395597747723	-0.371915134252932	0.0510284788061669	-0.104932134572557	0.145489187902267	-0.14121685500109	-0.159704135113223	-0.299526542258383	0.0381728289344835	0.147185769126568	-0.223878653370239	0.0630048617643482
"feces__J405"	0.138068025393837	0.0518661768945485	0.0663512522536734	-0.215169644888379	-0.0977478541583131	0.17856146347104	-0.134593354634088	0.0269041206048218	0.023489631323911	0.0173980080068745	0.0560965310451832	-0.391214631901235	0.0741756963555108	0.177635339193408	0.163338609788464	0.0877400106231536	0.221177934094783	-0.135265321237949	-0.0496489285986526	0.0913275401540444	0.214840916712134	-0.000444908913394548	-0.254414300787406	-0.0465300131170988
"feces__J406"	0.00225432551791619	0.152262042845873	-0.131815696787975	0.296904152660881	-0.144097471876756	-0.0341360692072111	-0.08353874633959	-0.243696446206523	0.170611809104832	-0.0964680040697214	-0.257341255370884	-0.0585551401846044	-0.180830324751479	-0.244654902805747	-0.00733755428834415	0.163798431743321	-0.203202424873467	-0.079467872545785	-0.0700205716959532	0.142834881740743	0.1379335105642	-0.321228137952816	0.120952649261584	0.0910440041611558
"feces__J407"	-0.176122591353976	-0.314615074538466	-0.143484455206354	-0.0871572756591438	-0.0544450541766672	0.110595348659126	-0.158057757237758	0.0472609662697093	0.142578013562498	-0.0133406303241951	-0.0418913503080321	0.19577583380598	-0.0475785036738265	-0.115925544084832	0.006605806399636	0.254894590010722	0.141127397512786	0.103934262500385	-0.246702813140216	0.136870216296583	0.0568069781989573	0.0109317890031787	0.09066872341016	-0.0212341054560883
"feces__J408"	-0.168713012371009	-0.0739149568237921	-0.063095201512079	0.36891008536386	0.171589735058471	0.0813398875503065	0.0582794791537535	-0.0353755335866776	-0.357479319760422	-0.155189874986136	-0.025263380740741	0.244960887972472	0.226220145997601	-0.00697079618950218	0.15194890950056	0.0341061158927171	0.0651274555614205	0.0171037201095017	-0.0579946648901164	0.0170247376664543	-0.0707977117430647	0.0763229149910526	0.0630670224451499	0.00387810962486257
"feces__J409"	0.0806705095529687	0.189669422318723	-0.142449795151918	0.152683390357872	0.0222503853701611	-0.088259193912815	-0.195988354754346	0.546777197606131	-0.119403332980249	-0.0612264532326913	0.00720052579993664	-0.160363258801557	-0.0778217270349812	-0.0167431606515935	0.0122636005843084	0.0505107034538131	0.219308923194629	0.11251862328977	0.258712093931541	0.0553151169434083	0.112565350695488	0.0190562322237278	0.128343665629167	0.0426404936601242
"feces__J410"	-0.204653949969395	0.0730037350249873	-0.204774358261011	-0.0772846960679811	0.209005231336183	0.212512568743491	-0.120271045135472	0.158712004894104	-0.0367049347442764	0.374484775221987	-0.153201400875907	-0.179263671459416	-0.13222177587472	-0.129365957131316	0.125474588143376	-0.123229274186629	-0.00754385655522913	0.0313785479962416	-0.0874182269126171	0.0205464121892516	-0.122049985968704	0.0147134736074209	0.136649122230513	0.215169787142526
"feces__J411"	-0.0166237646185204	-0.0563404498632487	0.105158529733332	0.171552596717359	-0.0848788188120841	0.374340735835091	0.415978193909206	0.0990829736665928	-0.0156914312028936	0.0836430085118962	0.0576011377441197	-0.0267962437525656	0.00497097230441502	0.00662711744538182	0.0748407364335507	-0.0380007802103405	0.299215436710511	0.118027647568346	-0.273987092700158	0.0377967718203056	0.0104049491183367	-0.0568674939180355	-0.0979285822792805	-0.12335031674465
"feces__J412"	0.0796161183627926	-0.055529174128857	-0.216001226689369	-0.00804988011528144	-0.14773536366142	0.24532159528601	-0.0442252691280571	0.0678899561794661	0.164248791338194	0.00604093337184868	0.0516629141812284	-0.0914652317795741	0.106761579766255	0.193699257611531	-0.132742792808771	0.113195265134775	-0.118320144224814	0.227571200532023	-0.210542503902656	-0.137160146571339	-0.0883167384649822	-0.0207322669574324	0.257013396469615	-0.0823138580588513
"feces__J413"	0.274470464784125	0.0742728682175006	-0.142826960643099	-0.0199837767242996	0.212678806211118	-0.105931350427492	-0.0723818558982569	-0.136967905262397	-0.139592614954992	0.277929870415756	0.121299876628552	0.263421994773848	0.1820292084671	-0.207122247122393	-0.215992355735648	0.286104168486357	0.02861346127315	-0.00731910541832961	-0.0293132084530801	0.192879926284686	0.0447022086440656	0.168425134565841	0.00385888025499565	-0.00479773487292352
"feces__J414"	-0.0444734434102241	-0.143012505334072	-0.0530962785335635	-0.200486599784049	-0.130080382225359	-0.0729081838397521	-0.0994736729526785	-0.0996511880738643	-0.091717580770004	-0.288225184672145	0.0312389574663595	0.0107444282504176	0.316384246576747	0.0349068327078036	0.0888876164771234	0.0186686781879133	0.18596696852095	-0.046606378177635	0.227310958146638	-0.0264527826372985	0.0147304687039966	-0.199109875471757	0.103567771693984	0.153662125399633
"feces__J415"	0.0976910126478908	-0.163264049520677	-0.0608766928418799	0.00583704479859855	0.000511192750827599	-0.117436116921788	-0.0046608671866423	0.089173408642543	-0.0139161306149836	-0.128328673202735	0.206931627064562	-0.0742638442046564	0.0225524621403319	-0.12703570961471	-0.15179174230777	-0.443197144204922	-0.0949768649904438	-0.189892200517331	-0.172128471982216	0.364287602859136	0.0758762674609787	0.0153828419360594	-0.0130798411505222	-0.147852418241847
"feces__J416"	-0.213289444776544	0.0164201519119259	-0.00292414022388731	0.0223696715545815	0.198218202285608	-0.166943532228757	0.127465148059659	-0.0582488771644433	0.225237175466675	0.0605516104289078	0.211137305569809	0.0642684012181126	0.182903444899388	0.00652566934840113	0.283543115289295	-0.101972739967165	-0.0997879296945056	0.472306779652859	0.0795196171918292	-0.0745227578117021	0.163912340351636	0.0371738391483296	-0.0907107258143103	-0.157018193378662
"feces__J417"	-0.122046769238054	0.167734407463659	-0.122228965332037	-0.162559652770671	0.00996002526548507	0.248114597129097	0.0285127397391666	-0.316794811261533	-0.398143514171709	0.0204407604573731	0.212120904917563	-0.161570287103145	-0.0088964249519904	-0.222458306032987	0.143751772721918	-0.0242415667081304	0.0222139847225918	-0.117947734418393	0.190665994356623	-0.0764508351632895	0.0187295396916128	0.0747600029984192	-0.000790656062030633	0.0226404457201739
"feces__J418"	0.0705299434011621	-0.0991276838011286	-0.184407948290358	-0.0565126042049152	0.241026044032143	0.0475808094116763	-0.0964181577400825	-0.0887013622907308	0.181024277784952	-0.0455925897756752	-0.146954720488965	0.0233791991908053	0.113853492697946	0.185470562365322	0.0629713392865229	-0.137337577340237	-0.122498683437208	0.0156460343782162	0.0744116210478489	0.0360268028049339	0.426923061160406	-0.0270115606662343	-0.203305712856353	0.139725655380447
"feces__J419"	0.142114402281178	-0.241366557014188	0.0748533970290612	0.0241113133892057	-0.0083025617182433	-0.0302383742746801	0.0994885250166168	0.0255188825603057	-0.0589922010807219	0.119843634592468	0.128094849071114	0.0253859589551598	0.168838261175854	0.0236968540449082	-0.0721845869595809	0.27794078093091	-0.185360542633454	-0.297200771713848	0.0686757819681472	0.00701421438780372	0.0142141727245798	-0.123322641557734	0.00478139346273876	0.148124228304875
"feces__J420"	0.116061672256872	-0.20402314188291	-0.0822086248783908	0.219953094370546	-0.0187431532665726	0.0279849159385389	0.095257297848728	0.110004127191638	-0.0381914614179335	0.106788665763874	-0.00778995352326759	-0.0809996048774695	0.0114598437231957	0.0922595279075118	-0.0865088100372499	0.0408618283521721	-0.10370501945916	-0.12447500248117	0.0939660354899589	-0.081344602498415	0.320967201367832	0.153560379147995	-0.237845871439808	-0.182635594014705
"feces__J421"	-0.175252765486939	-0.0265064091371173	-0.219158261582156	0.0936776640704211	0.14414998718822	0.067680136287854	0.079010024805555	-0.0682627737621912	0.179472984832116	-0.219195323397933	-0.348125109921354	0.0581510170515722	-0.0342474722998328	0.00961807549066888	0.0516901950527816	0.160552740078148	0.0859952263291236	-0.137954490744188	0.263525704189023	-0.0124975997671942	-0.153787056950584	-0.016588788482844	-0.238478031535003	-0.101219647763049
"feces__J422"	0.0918347439084685	0.0309571029536128	0.0160590204804417	-0.122564145326554	-0.0512945979823467	0.064367399865952	-0.226643387724167	-0.152172246248885	0.134191504007013	0.194573177206746	0.194169161280121	0.0845278633848806	-0.183913509911431	0.0711825963335587	-0.225393722469094	-0.0154327624882999	0.124157676849048	0.0621042751004216	0.157592642817774	-0.169055350294572	-0.205003733605128	-0.124785520121862	-0.25619342828363	0.0669913421170323
"feces__J423"	-0.166797258156312	0.099611032411538	-0.00714795704748069	-0.259235715152256	-0.0184952090391002	-0.0769255295038705	0.0967332673144814	0.100588606038462	0.0938277527707761	-0.0529212975264488	0.332900380747069	0.029878263105247	0.00903301671032752	0.0836211179334331	0.277042516917648	0.224197123847021	-0.102349866138414	-0.291724374673577	-0.106281449454973	-0.00921361034159258	0.022936172402417	0.0201079357152579	0.234200361341516	-0.0223007761266868
"feces__J424"	0.0114051902039817	0.238136998228974	0.0417074107247708	0.230984768428716	0.387491419544588	0.0862671299984712	-0.269737059608041	-0.0854227539425562	0.163131034501354	-0.0152304233547558	0.159242459102989	-0.0435347561938411	-0.0151176419084838	0.183291377240972	0.0800583681893753	-0.213433587263598	-0.0308546365883262	-0.177187001704431	-0.141433190614902	-0.0327726048365301	-0.158060095078491	-0.119243011561377	0.0218633963118478	0.0697492997828751
"feces__J425"	0.190885884348616	-0.0945104539143464	-0.0636480058742031	-0.128772321162887	-0.0235122748555908	-0.204952830943033	0.231883293514767	-0.145265064701438	-0.0157744043502685	0.101977426451045	-0.176098809897076	-0.181127475460131	0.0983586977051211	0.042655011047586	0.00100306895683205	0.0640776729380907	0.25544982367905	0.19589132367891	-0.134786844425442	-0.119638055560358	-0.0965760480865238	-0.328754688976668	0.0162024691809956	0.160537346612853
"feces__J426"	-0.141563649429431	-0.0449177399302307	0.0696348658812066	0.0154428848508384	0.00201062576670991	0.0367188777691589	0.111389106287364	0.0834549522029816	-0.196326024988907	-0.0242686537432523	0.0938920381973879	0.200724755135112	-0.188670861870618	0.160092664249689	-0.360183674492187	-0.191968423431233	-0.0479272427758094	0.0650146301229304	0.0740484069262695	-0.315074051871482	0.300120852926513	-0.188154433143438	0.0679180511063301	0.308886380255097
"feces__J427"	0.110570449248501	0.119460941999481	-0.0384359625464456	0.188211493480178	-0.140852408196512	-0.118572060468768	0.169683318480779	-0.0671623299822749	-0.0691104214429455	-0.125810690636422	0.0274231319267859	-0.0930153275416951	-0.323464177470024	0.0874661132004863	0.188834254377319	0.134861101447062	-0.096252298410436	-0.090813196868676	-0.168544982174386	-0.239244715798608	0.0918651143990232	0.249093921956917	0.0153294676406854	0.25401988891775
"feces__J428"	0.099606966849771	-0.191206369026388	0.0200728070314407	0.15113067805145	-0.0901967650577978	-0.216456071312191	-0.206781855117007	0.100244692038402	-0.0995305995339616	-0.0969678605531024	-0.0575686958539084	0.0194120858470532	0.0104971377184617	0.405039073512098	0.115943934165982	-0.0336548339010592	0.110471228544027	-0.0188135323031278	0.0341905627543875	0.0781886905517176	-0.362430984051473	0.162607252531929	-0.00445081949177174	0.068352276594023
"feces__J429"	-0.0256326545928692	0.31604222510584	-0.309324334434082	-0.266075268246793	-0.179562878387278	0.0506873311307522	0.0323765749502032	0.12217711589033	-0.0517003455183338	-0.224750178318664	-0.0948140856383589	0.125363371551715	0.150934162174494	-0.00643684816377471	-0.246765401351044	-0.144866584483427	-0.0515671077192663	0.131705168516246	0.0322261363870099	0.0735692624484024	-0.0117970209420803	0.0926854037158529	0.0692431186568494	-0.0370510250328552
"feces__J430"	0.0729403730294755	-0.0981038955355584	0.0914068203371501	-0.0259850189214362	0.157789087107673	-0.280395556750066	-0.229176108208556	-0.0695682069588737	-0.0534457945311571	-0.0766017873266884	0.116324334571582	-0.0786260446845543	-0.258894349791932	-0.110673329428074	0.0495866266387751	0.114853268822747	0.06829010223684	0.150719941143508	0.00876084625332772	-0.232881775796104	0.128002405718733	-0.141503764840413	0.237770328670682	-0.458133210626915
"feces__J431"	0.0252249161419866	-0.221234631963425	-0.0242988560540271	0.0652185705065623	-0.146832387943646	-0.0835409072739889	0.0628266893984164	-0.231292277959915	-0.0293590684904912	-0.0174268161085656	-0.0861893169087411	-0.235378380298008	-0.184735878977069	-0.251091447811606	-0.03336162192426	-0.250231999889656	0.185679466577715	0.0415328541338965	0.174226557564514	0.044792810860377	-0.00798379665722537	0.26016522845624	0.105287343507459	-0.0633378671244495
"feces__J432"	-0.11858593375102	0.0143483817829143	-0.0933790723200484	-0.239387187924563	0.0693776946940799	-0.183683292583332	0.0641632754664657	0.0292236924973194	-0.0683596729204736	-0.213624642831075	-0.0230948023039552	-0.145860860795421	-0.211659662989144	0.0196849263900919	-0.164905574943999	0.0889241218022477	-0.225196961560176	0.0601160292933812	-0.33447950101557	0.124752713750433	-0.126354874064466	0.0893028858220353	-0.311020169085922	-0.014493845598711
"feces__J433"	-0.381958998355187	-0.0936938365444228	0.0443934333092075	-0.0843940477145914	-0.204479234957702	-0.136484001439643	-0.113121330936557	0.00195103203338291	-0.137882699063736	0.19693041742224	-0.193888968847879	0.0597461429967173	0.0329471468619731	0.153570287969599	-0.0282347999747821	-0.0643064372887533	-0.164907792128113	-0.111004002511013	-0.0772982025619502	-0.203109293701062	0.00480346397969879	0.137397241270588	0.0288141026283265	-0.152214264974747
"feces__J434"	-0.00906520080966375	0.239693419777196	-0.130128077260539	-0.0135666029399621	-0.0491434245783226	-0.314959871587928	0.308076239010461	0.0885326848708625	0.170716844198035	0.350830336912074	-0.151742348125598	0.114674487107061	0.0737852088867865	0.0467208246973762	0.000883557880536822	-0.182727333443935	0.175763619087652	-0.351544223932678	0.0428319461381589	-0.0501603425817948	-0.0333331244744499	-0.121228478191375	0.102320609957823	-0.212553255063985
"feces__J435"	0.12163867933361	0.321043763966694	0.234583312545933	-0.130054953863214	0.0103364506350932	-0.109107799192873	0.108895789354085	-0.251896817478647	0.0176277175413257	-0.0529051515962837	-0.131571438152464	0.163126339472586	-0.0320472493672411	0.179856726391703	0.0702451329806664	0.0235293726452658	0.0528240530955977	0.177005784279476	0.00368349456643833	0.12490740353581	0.032087969111843	0.289794928775521	-0.0304919760786382	0.0615175707566564
"feces__J436"	0.152827533284357	0.222648177438255	0.109671888137155	0.097517720785614	-0.077751122138709	-0.0664806769606405	-0.0575980469040456	0.136965725820949	-0.352233534485513	-0.0607854730803695	-0.0405655303316552	0.0510142215779205	0.113956542004984	-0.147744253098046	0.0805544661557729	-0.028461438004042	-0.139054700558795	0.110161016110184	-0.172824517118594	-0.068709154506984	-0.121968177094571	-0.356033002642468	-0.315757505138411	-0.159024607459946
"feces__J437"	0.0797908108797906	-0.0830896543090665	0.068196583251792	-0.11059337013579	0.240750846265793	0.277739582664224	0.00428587714119403	-0.0926171732008934	-0.0837759322571849	-0.01943886601587	-0.14606075003865	0.041567726527551	-0.0958972689372373	0.105953269964739	-0.206651918763435	0.0272317816578091	-0.0287753554428791	-0.121729769550617	0.0497417896361063	-0.167399758753009	-0.191806723512435	0.0708498706510151	0.0296931920284787	-0.338995185344579
"feces__J438"	0.172135265466174	-0.132742037005666	0.219790771382267	-0.131391773772765	0.177931508127542	-0.0884151262672731	-0.0423910255838562	0.18864244338733	-0.0398599293482705	0.211320542976831	-0.259708221616005	-0.0574104538914397	0.0956125849475268	-0.216699074899325	0.0818642551436964	-0.00148207944400789	-0.144964939795277	0.109921844813886	-0.0385215270771768	-0.0655818890856816	-0.0326525895199785	0.217560441451651	0.0415428465498123	0.254760727575547
"feces__J439"	-0.0163894489599324	0.163609233032011	0.261795433706337	0.0653502621889947	0.0171138253202265	0.113407515726471	0.178632915974378	0.238356185353173	0.224410413134961	-0.137467728075882	0.0262903578752218	-0.181035464207785	0.0934872531377641	-0.143797288333305	-0.18508487601419	0.239272662130436	-0.178124608117864	0.0407778678017796	0.306021212010212	-0.0648648613642115	-0.101861824316279	0.0980914432634183	0.0189892126305794	-0.0685648572921649
"feces__J440"	-0.204611574411361	-0.0669593756459083	0.39502558018504	-0.143251048536352	-0.0814544838132346	0.0799996866513334	-0.0347646628551024	0.0545086344054811	-0.113960117206727	0.122329505599409	-0.176727015398463	0.0597173614848769	-0.153275720428425	0.0677532759351664	0.143856513279108	-0.00329211154679736	-0.174919585928381	0.0371576793562133	0.192999967664663	0.381873386584998	0.0435229844632968	-0.260466997325651	-0.00414946683775406	-0.0427259501279631
"feces__J441"	0.240267072533777	0.00413840747890908	0.231744518255806	0.0160652440266056	-0.0375719065789613	0.174175245479629	-0.00374990977342748	-0.161409726974899	0.0817155818636656	-0.133918228465433	-0.140955211295394	-0.0847602163600592	0.232540291076415	0.0428948693517177	-0.0130935355445381	-0.217698234849829	-0.182978061457609	-0.0156869569355479	-0.0660814773039032	-0.0205903255603353	0.000573539543429217	0.011453241932551	0.379491036590515	-0.0308669206376015
"feces__J442"	0.226459435940881	-0.00875182874955941	0.0902402589265814	-0.105163863939052	0.010538524894725	0.151349498544409	0.0772986367236934	0.118643865967404	0.0890636194674832	-0.107675011733546	0.050737527445468	0.444905459470282	-0.378308356774626	-0.0202533978307458	0.116481781777189	-0.0410492284864408	0.186421225829929	-0.0365290068538588	0.0294477849046566	0.160898190761681	0.0554227828725618	-0.00582439792935815	0.0848295825972127	0.0341308621706374
