"MDS1"	"MDS2"	"MDS3"	"MDS4"	"MDS5"	"MDS6"	"MDS7"	"MDS8"	"MDS9"	"MDS10"	"MDS11"	"MDS12"	"MDS13"	"MDS14"	"MDS15"	"MDS16"	"MDS17"	"MDS18"	"MDS19"	"MDS20"	"MDS21"	"MDS22"	"MDS23"	"MDS24"	"MDS25"	"MDS26"	"MDS27"
"J401"	-0.170382514965775	0.173917123542898	0.0905871373443421	-0.0908240770075909	0.0452648168093409	-0.025710043842814	-0.0281624684634403	-0.31192622767817	-0.184313178908603	0.180976037345591	-0.200869150181023	0.0839718468310466	0.25327579397896	-0.0330946618461773	-0.0705292648159397	0.0588117840299177	0.0733856308305921	0.0642583879240647	0.287418061248666	0.192498109225419	-0.0551558627091801	0.0487983972550148	0.061619952376764	0.0247171571138672	-0.0637256752797855	0.0714533945181236	0.158143573317875
"J402"	-0.146847752393815	-0.193859610142047	-0.205913730065695	-0.128998645439676	0.0840552894720138	0.0583732661240244	-0.108187602876178	0.136762921944408	-0.0465730561680988	-0.167753251269895	-0.0518067245207843	0.0649017010754241	-0.182157144710156	-0.171178838669017	0.0473725533462687	0.0582472483078359	-0.135197531031948	0.118844240126806	-0.0390714242908012	0.077533277757599	0.14817738041574	0.132729324441942	0.234611415198363	0.0869565596999348	-0.127190718952098	0.21757797883718	0.283771138499887
"J403"	-0.147409757820322	0.209108429055724	0.106397172750295	-0.0728718087767432	0.0663778952317319	0.214428303524707	0.0322990526204102	-0.284887137778636	-0.228055066225231	-0.282325109740401	0.228280620089527	0.239234116336873	-0.0790183908362722	0.314921803060856	-0.17462564787357	-0.0822535430173531	-0.0765365490326899	0.238185262041986	-0.116681427183456	-0.158292356725075	0.00229513565658094	-0.100767038958232	-0.00858478276330359	-0.0831258420970435	0.0858379750320946	0.0335036515411099	0.111476724567254
"J404"	-0.187679354434717	0.0305536888481935	-0.0316409154755938	-0.173424482995376	-0.397696088029244	-0.0502114683852706	0.0656477403010146	-0.12160233570542	-0.103554726861256	-0.0994860830501564	0.0630805496810303	-0.136334902139111	0.0504625960920257	-0.0394931921298137	0.0929002375340743	0.0214382032225872	0.266732626168209	-0.144950321614528	0.248754624291818	-0.0664110699708662	0.250109619033367	0.0552950823435105	-0.104142101289535	-0.10429579683128	0.135025067999139	0.0612967743217419	0.0726376072072899
"J405"	0.153989893789094	-0.127828464081052	-0.0547902351766951	0.133121272026269	0.171110152160771	0.0570284090096087	0.295139355196527	-0.20742523836264	0.0196783577490609	-0.111919347147141	0.0119684946894427	0.116989929199432	0.068496378183826	0.0892695708125892	0.147882103702442	-0.246796687786215	0.141329831582079	0.0792565758800849	0.00553941357006198	-0.339550815446278	-0.179340307097302	-0.195629606153333	-0.253213766981115	0.197110689123493	0.0370227042680419	0.234629999650557	-0.0856842867803977
"J406"	0.0328550576780188	0.0520801560489297	-0.217015434595087	-0.303207439917569	0.0267137811315782	-0.162900734162231	-0.102351053097017	-0.0318511978819265	-0.125952391946818	0.153056199378373	0.150126699811082	-0.166325334812173	0.278227377887033	0.00221342226064164	-0.00117392106576941	-0.18785183367211	-0.315854577799528	0.17171924246776	0.242767986745647	-0.146641017545133	-0.0631186775445051	-0.0640999028078049	0.220323398906623	-0.0481134946878265	0.0658281726968292	0.0517948105413947	-0.322837874912075
"J407"	-0.23783948191824	0.0776046309938149	-0.202323820320437	0.0399985465012622	-0.12494137727223	-0.0210193203319284	0.0544699545634654	0.0479923737859928	-9.23793291204775e-05	-0.0543506728699449	0.0420917772268244	0.113896082246303	-0.0580975118783122	-0.0656566762681003	0.0351288392378974	-0.0687115379702577	0.0170106391820011	0.284612960337368	-0.115333522566657	0.140948822260611	0.101475397431255	-0.156032986002843	-0.0776229338767443	-0.208385919466632	-0.0368724237554755	-0.408147738632525	-0.279059882682064
"J408"	-0.295999287321834	0.198265619134303	-0.0129688426230628	0.0562638132713677	0.174791273743741	-0.169510575731164	0.00933989503930235	-0.0462640733063404	-0.016789507063653	0.0749713702032932	-0.160798255593208	-0.180904920253624	-0.00584818642843571	-0.0834042318725219	0.00459648814039718	-0.182202289925937	0.25435343814176	-0.26388428585232	-0.0109938352365758	-0.106910253287297	-0.019674917584769	-0.0047424902585	0.0391961812905235	-0.0268970090385547	-0.0865095562424546	0.0499082745630258	0.149441018151576
"J409"	0.28355546720633	0.0921332350921555	-0.206973596357223	0.248193624149615	-0.0260755535896453	0.0620297917336174	-0.0973931311820516	0.0525994833171895	-0.0869565455919074	-0.0803274656980227	0.0333386238461654	-0.368420864558924	0.0334625790500253	-0.0399824651524612	0.303985295890062	0.0522319634198873	0.237701308276383	-0.00685663552195297	0.0456613838126446	-0.163007024490531	0.0320354868168417	-0.0436821855487803	0.0988622166954501	0.0609847365013546	-0.0134619866418983	-0.0307123806901521	-0.0380832068894211
"J410"	0.0286637195025545	0.124276887840533	-0.136285994900429	-0.0513391342865321	0.121860708098694	-0.127702049513535	-0.0643560079561052	0.0915093714073597	0.247665290701298	-0.191397212198634	-0.090382162844658	0.035234317229964	0.0809654108385508	0.142617543588068	0.0370277862378574	-0.047791326522718	0.16957077507828	0.127124222276788	-0.0283533354596938	-0.127533725832992	0.168786433968057	0.235939062845045	-0.205509496434338	-0.213767848029771	0.111342916447502	-0.181335515959618	0.244831652855803
"J411"	-0.29841130825712	-0.0283269065289842	0.184334416271877	-0.200764110374896	0.0243953879895953	-0.0622739115768566	-0.1921127255845	0.133843126150646	0.187508604768346	0.081076129950268	-0.0687170966544613	0.0440940777055871	-0.181733191773964	0.0195846054100884	0.0756519135202492	0.105713799480906	0.0917625451195662	-0.0355231446508114	-0.0335742147878651	-0.146550894983469	-0.073276583136373	-0.452604159189924	0.0390149290049064	0.159332813727083	0.232865455925031	0.0561400297863269	-0.00629589767959646
"J412"	-0.0733519807407284	-0.0956632763838032	0.0233286251947665	0.126088845188231	0.209883431199106	0.0872306400178464	-0.168104434488685	-0.00752984405296703	0.0116888989216349	-0.0926061240858521	0.04275695401921	-0.209140446954343	0.117457473424991	-0.24715162481461	0.0958169919681346	0.11318650407544	-0.0458231357504297	0.289736272002854	0.136126342589027	0.139978050305833	-0.110427740472281	-0.12472264777149	-0.0911756843953627	0.0512957590488431	-0.123018422912976	0.0400136070805484	-0.117848719209014
"J413"	0.0631969672307348	-0.140626525750291	-0.201429520108463	0.237660172995184	-0.151770670561985	-0.17048999198521	-0.337507401307641	-0.124739941085777	-0.16099135902554	-0.0933901735068264	-0.192977642449034	-0.00548573693395289	0.229972346003487	0.297895567700409	-0.160466708164893	-0.0310792557524342	-0.0638362501303053	-0.0935080796198343	-0.245047640402326	0.0574030260794576	0.228525242495934	-0.198520152145926	0.0747496689364199	-0.00450776003477705	-0.0335520483423683	0.0787962769791776	0.0384829530539597
"J414"	-0.0962066509802706	0.0315664202056482	-0.0446188479690225	0.126339563176105	-0.0338487538512465	-0.0444391945910388	0.0589800229780168	-0.0322349563468103	0.0467073319166447	-0.093524158459163	0.380545717583693	-0.0462671201984597	0.14659682545234	-0.369620819861133	0.0147067610290113	-0.0106782985280814	0.000865693254079325	-0.161224438518354	-0.336276399583133	-0.109272823909585	-0.271671456706154	0.166400459094552	0.227916435769488	-0.270192172105475	0.288197782247212	0.110259745554943	0.0696664120508834
"J415"	-0.064143690951125	-0.216178443931546	-0.163318665328515	0.0308126255745105	0.0766432287054599	0.0624766267351265	0.0382822635591569	-0.154415024918363	0.049531918861878	0.0530201191544843	-0.0209124860120546	0.36537021116761	-0.0606136474406252	-0.133856847032122	-0.0836236813628952	0.189178503456847	0.125677863532219	-0.32418672178781	0.20220135651109	-0.112088650868588	-0.0356914059550676	-0.013745204551476	0.117288398974191	0.03903879990135	-0.0277413433790301	-0.317716319932897	-0.16281409174493
"J416"	0.00389794102237697	0.254143511838335	0.219578762072393	0.161694896432309	-0.0343746949169022	-0.163376199092526	-0.495382748234232	0.0181952503384463	-0.0184460830881976	-0.0538817753791868	0.0138818526283097	0.19096534769793	-0.192276071146023	-0.0465964676249249	0.148983341054086	-0.119849029076926	-0.140764367090561	-0.0496174026242448	0.0453127081678892	-0.0423778260271385	0.0235539750918476	0.313412219797828	-0.0657728022274015	0.108018936198288	0.0192637456878912	0.0925768909423745	-0.164669609922344
"J417"	0.274080317413501	0.216402480349351	0.0913080772679253	0.115850289583482	0.243481103543161	-0.327784612772434	0.0565012780793249	-0.2068236729164	0.136263858090414	0.119207863441744	-0.0729465471841322	0.159050461233528	-0.124665527103333	-0.0302531122179788	0.0484438935280156	0.185038710102022	0.0249832889220353	0.0542231701991281	-0.138826972943824	0.131706846273566	0.164673211645654	-0.0654588865097911	0.178476475854354	0.0887013540287839	0.158366528238229	0.162382339631403	-0.150376519974968
"J418"	-0.0820654298486573	-0.159153919781393	-0.177607099002202	0.0148697297474949	0.29982164989064	-0.0150754945447886	-0.0388829304647038	0.0719982479705327	0.0281228153000907	-0.0221090811638448	-0.159200575497996	-0.141740933474878	-0.0419041792781592	0.0642840408995413	-0.180920663698929	-0.0281801887197331	0.223264196658907	0.0652678820249835	-0.0518248565437232	0.165686755360403	-0.136167970244861	0.0996172985544095	-0.204672788704847	0.0484622374101831	-0.0140964041292925	0.094114412359098	0.0742048316616172
"J419"	-0.141049697486546	-0.137939141930967	0.0626102135268459	0.106439214786811	0.025868506345458	0.134164783974	0.0940270408635933	0.123681104822344	-0.172400732982981	-0.000591129871008074	-0.0897603699395617	0.120423055736832	0.34195193672507	0.0147730409151628	-0.180689923010659	-0.0332075391555875	-0.109240625446877	-0.230829615385292	0.0222782991341498	-0.0400985155892509	-0.0341628991284681	0.188181540739305	0.0925105883288659	0.281132184127852	0.0837006941365124	0.0550955669656199	-0.0372577131697767
"J420"	-0.131220870231596	-0.0718962250212416	-0.1256055337672	0.0430313575961088	0.0688952971551291	-0.200188446306189	0.150478481776106	0.271093570119334	-0.193374941674331	0.246627871600428	-0.100124641485649	0.00817889472449704	-0.126893669551665	0.285510960923223	0.0847197729500792	0.409463747651541	-0.165620894009388	0.0561839998677249	0.0142646537229386	-0.319322884635573	-0.0406431210579068	0.190322416270787	-0.0806637046334029	-0.117364413162874	0.189181837318132	-0.0459535926193132	-0.0740835309591939
"J421"	-0.0100332291995702	0.151722557405081	-0.206704429779734	-0.112304890874431	0.0774457040427162	0.2552444443034	0.0634656769991369	0.15382772889418	-0.0896456401907205	0.220159861815744	-0.0404180914090066	-0.184969100408283	-0.220510774809132	0.255284801036778	0.0561499444769474	-0.388452663006505	-0.0174774347283073	-0.0920619841249439	-0.0780194849502145	0.283911875631782	-0.0703190508515623	0.0615330287845085	0.110130429827186	0.116432700602835	0.189421298827309	-0.0741347565448348	-0.0453081128158776
"J422"	0.0558972011501931	-0.0639829137302693	-0.0903332456268846	0.0422390072647227	0.131481031525269	-0.0810988888776705	0.175553008815711	0.0720757063559034	0.102411586351325	-0.00163587013403191	0.183802643695915	0.146860463223619	0.177401541403693	-0.101251256699505	0.200107583552582	-0.0681465964822546	-0.346756489296041	-0.145978710594071	0.00494980910307389	0.329232393035967	0.217426294232717	-0.123363689502566	-0.226126738595605	0.14321192543877	0.292712175694474	-0.110655767500519	0.275992844968187
"J423"	0.123785826618124	0.227668950684356	0.0583088225953268	0.08355415248382	-0.00600849102570048	0.187009004530941	0.0900631185020197	0.184180313248678	-0.162734318324802	0.0812688228042409	-0.359317161598738	0.0605536655726243	-0.0154557838366207	-0.324897057827862	-0.225617336904818	-0.0451139166648804	-0.207698103988976	0.0497348419845876	-0.203472377542213	-0.171180452828359	-0.0245135615777332	-0.109631350012509	-0.0354348205801982	-0.268084017583252	-0.147581059479811	0.0194071738914872	0.122225120191901
"J424"	0.144142935435946	-0.0553576869131421	0.123079995187133	-0.0968369407108093	0.4102512685124	-0.136606277909963	-0.0944820136920333	-0.0921536375804411	-0.124682484849796	-0.093868016368917	0.332671248546639	-0.132057777648527	-0.16290477199178	0.0128272253436125	-0.233220008725341	-0.0335138622859575	-0.0365808895165783	-0.196657096548117	0.173839429077327	0.00833746080559756	0.041745132675264	0.0782254630142414	-0.0790345566453723	-0.134620798253979	-0.234234300446826	-0.271290412876339	0.0299239120549024
"J425"	0.0153736375816508	-0.0846933734417722	0.0893102401095941	0.191902190838194	-0.0590779185560962	-0.106198119037841	-0.0224415265192986	0.166434295433697	0.102357367627478	0.0347912008662091	-0.131139678735601	0.195471711797633	0.0314290819747698	0.0281802949303766	-0.015501493634496	-0.193271590562883	0.0686170714050612	0.0316318282594847	0.216119697320996	0.22467720248359	-0.422053376896208	-0.0429450686281495	-0.104346096481385	-0.322378155299794	0.0325363833348307	0.0323402301054167	-0.10828424616528
"J426"	-0.0111117476826994	0.201311684820667	0.0323700618935129	-0.0250848838974935	-0.0348256799963907	0.0303192792684227	-0.0428750385386366	0.274862591088668	-0.115821243706817	0.00238247242574197	0.309506208650846	-0.031652263544987	0.111434166598293	0.0390379397605114	-0.126528837613719	0.416526641048738	0.173190793517052	0.0652125150330799	0.0115768234377095	0.205616580294868	-0.105060655175824	-0.275883267403484	-0.0846922351887306	0.0624543406145728	-0.0506282078695807	0.132821302428187	0.120873188231007
"J427"	0.160634012490741	-0.010562124744386	0.0529886110056057	-0.209988632635198	-0.217063274752316	-0.00841915398599189	-0.189926989291345	0.00700260893954601	-0.0151072934507451	0.226171868547109	0.115114681124033	0.147402357619984	0.0410618728171433	-0.068553801915946	-0.0059553301826333	-0.0796169605098143	0.209568438305305	0.213209081140192	-0.231072321777785	-0.069570135747112	-0.274088866820743	0.206117780010036	-0.0277723235894867	0.399416443503366	-0.023629473410734	-0.289283384110631	0.184857540611818
"J428"	-0.0969940574703392	-0.129247470392555	0.0547821406151969	0.13626116822892	0.0312292460307488	0.372525905014919	-0.0242991953910539	0.0271570298246023	-0.163458948548967	0.181897212919596	0.216132506487315	0.0478118416768467	-0.188993862776621	-0.00784816450732977	0.108655821578505	0.0591796376683908	0.0553441745427196	-0.0404858106183408	-0.0667770506324456	0.0327653060913278	0.218854244378758	0.186569419638296	-0.203569603362614	-0.0258061327331683	-0.108177660031146	0.263990581721662	-0.241933130260883
"J429"	0.30412593566796	0.0603056886837008	-0.308286299209743	-0.167256642122943	-0.186262178305122	0.179667805252076	-0.0400944490315323	-0.0432943723370684	0.0572192750182329	-0.21941049735001	-0.0664214079187504	0.236701895899807	-0.14732860990276	0.0349820523186972	-0.0490296928580666	0.127633712311362	0.132125655277217	-0.144373538362916	0.110502330089516	0.223510358726585	-0.115428489666822	0.0284352267195989	0.121379568561095	-0.124833812671329	0.0677674427581691	0.177592988717464	-0.119374434876574
"J430"	0.0311140534921806	-0.120526337407593	0.0459857045948519	0.240424825477333	-0.308290011382654	-0.00258268817396292	-0.0467355189870626	-0.305147243406595	-0.16282637139644	0.146433716275974	-0.042632019706708	-0.113203014547089	-0.100233803636162	-0.0179872036772987	0.180154855432407	0.0835033957624675	-0.211593113037872	-0.00694852007673964	0.0428562831485896	0.079518714286257	-0.135449857024255	-0.0209285432238425	-0.290789301785703	-0.0355798094527238	-0.00599566476296923	-0.143363014704026	0.194387562637524
"J431"	-0.128985009074875	-0.183977430801418	-0.0805440614243895	-0.139068830085101	0.0116959535206632	0.00116781249222555	0.0472090740657709	-0.283457438526953	0.291725371023577	0.257480038720434	0.0447014450930615	0.00964976920297298	-0.0451017011027915	0.1337553847171	0.283630253837835	0.0290949779463454	-0.0960909524680264	0.0245778227771842	-0.209012308413012	0.0253866950582486	-0.0745804685827817	-0.00759674944633957	0.187717480035077	-0.198696014025781	-0.390049013092236	0.111122583087844	0.134932227912146
"J432"	0.125688938210672	0.0604477047059463	-0.169953382151951	0.106546360641968	-0.157185291253556	0.101411365199643	-0.0550461835632144	-0.0277672126430901	0.286643345756101	0.153852616528477	0.0733475845622404	-0.13577314203436	-0.309845603478006	-0.0981633837366223	-0.369956486127539	-0.0585183357163337	-0.217633755972167	-0.0499302716933539	0.259587981178059	-0.248704329762717	0.0319605630657808	-0.186632266781847	-0.0293617755017991	0.112159603363329	0.032999319726538	0.0300597863725667	0.207601987864766
"J433"	-0.158378335109225	0.30445769357508	-0.126585835390794	8.10709030132535e-05	-0.0949092048408357	0.0062231408127222	0.151928707385803	-0.040861705096497	0.244460838004831	-0.0412372967193015	-0.0197520204618523	-0.0622842784919185	0.14686657283271	-0.0718400752216165	-0.127883603223034	0.078148485394594	-0.0529586637002211	-0.137233514967316	-0.237377697383805	0.0159127707039691	0.106789876005515	0.0299814798214744	-0.184915559780954	0.263411882550312	-0.303873515958021	-0.101225253560711	-0.331124553036482
"J434"	0.277468454083865	0.0257532579065579	0.125978505719442	-0.294490616969422	0.151052776885457	0.357895031775217	-0.152807454987306	0.0758440867059204	0.10542807852749	0.0850319275036297	-0.159458197350526	0.0812011352286724	0.318251694626717	-0.0357950777134576	0.226250584401738	0.104762648584748	-0.0113066369731871	-0.0410208007013198	0.0347142987160644	-0.169689479242856	0.155637991251523	-0.00840244307799656	-0.0903634627057141	-0.150572884480377	-0.00793277167531791	-0.0796938653957474	0.0325586045277415
"J435"	0.283366401941878	-0.0241578417289144	0.186091537518983	-0.152228828641225	-0.13938351368654	-0.204036897116652	0.200281951774536	0.0885487314488804	-0.0380618658650945	0.180267182716333	0.129964445973108	-0.0951527365442059	0.0486178273009089	0.205390607899097	-0.15744003139949	0.0341452317276044	0.0390888284455301	-0.167201116823041	-0.149964548152652	0.0786813784713367	-0.037188079624473	0.016748516841113	-0.0734484528121119	-0.112012921322303	-0.16724795101815	0.111374053814031	-0.00921245042659065
"J436"	0.0636086670244657	-0.191461824016331	0.163975659951804	-0.246827469887875	-0.0347868038813818	-0.0144678040973084	0.144804704066365	-0.272570285741639	0.0152442119466571	-0.101386206364904	-0.246261071972953	-0.297770221227904	-0.135283946415915	-0.208458734772744	-0.208518398558667	0.12559788998769	-0.0225888035306132	0.188395193966902	-0.11683784278713	0.108160802701112	0.0467007482445239	0.179554523329063	-0.102488789788961	0.0287608891799359	0.330289263152555	0.0234769351960991	-0.17385211820771
"J437"	0.0848221569105479	-0.0316246819712437	0.125105967986853	0.323703923529533	0.0135866534110484	0.0850979739655827	0.23060717866687	0.00836914583433367	-0.0300782901580576	-0.00470772557662494	-0.00672784363001667	-0.0389354708625783	-0.00172536613447413	0.0915206650128575	-0.026992062581525	0.0965368946863964	0.122593687564203	0.255252703222162	0.0948191418352494	0.0236045741036181	0.0817761815913437	0.0624613347081123	0.470060999094848	0.0997648338957623	-0.0157456112896698	-0.273917112283606	0.0949102522692177
"J438"	-0.0303924732970457	-0.264986742518763	0.0706366323958769	0.0141448285282755	-0.141935280166636	-0.0552335996810477	-0.0715732345686537	0.151153558529874	0.302575222686813	-0.299770187697012	0.0247193734702017	-0.0696621638283899	0.119259182630092	0.178744045138131	-0.135419167944166	0.0287400384522352	-0.14606243064786	0.0727508598480706	0.0256241897925469	-0.079302249947473	-0.101443963997585	0.139709074866021	0.0115639274914453	0.0744745582660722	-0.121192629141239	0.0525053679174359	-0.0567843147920573
"J439"	0.000850419478604313	0.0726874072399202	0.245013720144679	-0.137643144368079	-0.0186048881342304	0.0297711942865285	0.0992812678751217	0.0405293867913366	-0.129351933052699	-0.42018032757522	-0.1864717452634	-0.158343094465712	-0.149487455442676	0.0991974902629311	0.295451403173674	0.0616059240222488	-0.206964975995415	-0.279495026520534	-0.0481654120176814	0.0386974099972787	-0.229786384295679	-0.125373775482587	0.114722752729035	0.0786084154055606	-0.0973249159601383	-0.182953715367479	-0.0131096257605052
"J440"	-0.0704445857250094	0.22080601390986	0.193248333426267	0.0811502735100047	-0.132129539135542	0.0154846512443218	0.279166791721315	0.10855797455774	0.266211223906179	-0.01957916094436	0.0232504839106097	0.0132779811909306	0.00939010904376421	0.0775458697104846	0.073504611073835	-0.0785205593972708	-0.0658620793035097	0.128383206482694	0.295242994331101	0.044889199930765	0.107016657006047	0.176827531191494	0.0678974919383812	0.0261771486322545	-0.0972758859210728	0.164374183747524	0.0541818470750674
"J441"	-0.0327374226031585	-0.232225179718362	0.378303463851049	0.0900989682710724	-0.0469049512547245	0.168882457613973	-0.137488769399092	0.0609108609694062	0.149823181436442	0.129252632085764	0.0471412776114569	-0.0939109009634577	0.0578485975936354	0.061743209692511	-0.100392776618393	-0.187497653342928	0.139138951226791	-0.0651579985070266	-0.0781918431314677	0.0403089669889246	0.260175107193474	-0.14705669383189	0.141420553963536	-0.169263014073381	0.156017349376382	-0.0862911471314154	-0.10885978757047
"J442"	0.100566633583231	-0.220937020944978	0.0395756878485003	-0.147310141714643	-0.119830990811741	-0.317106415162478	0.172684312774215	0.227822076886716	-0.281998420184616	-0.0624882711129746	0.000671701709403297	0.187093561294761	-0.132350164784149	-0.254196447832425	0.0733640006984439	-0.267532273243625	0.126142822420511	0.0985647672489641	0.0147167079622952	-0.0524620697338216	0.221529017950309	-0.129040072977042	0.0142389131481325	0.0678738470165181	-0.211318873174584	0.068065037037472	-0.00824689187421579
