sample	Actinomycetales	Anaeroplasmatales	Bacillales	Bacteroidales	Bdellovibrionales	Bifidobacteriales	Burkholderiales	Campylobacterales	Caulobacterales	Clostridiales	Coriobacteriales	Cytophagales	Deferribacterales	Deinococcales	Desulfovibrionales	Enterobacteriales	Erysipelotrichales	Flavobacteriales	Lactobacillales	Myxococcales	Neisseriales	Pasteurellales	Pseudomonadales	Rhizobiales	Rhodobacterales	Rhodocyclales	Rhodospirillales	Selenomonadales	Sphingobacteriales	Sphingomonadales	Synergistales	Thermoleophilales	Verrucomicrobiales	Victivallales	Xanthomonadales
feces__J401	0.0	0.5859903259034557	0.0	4.039667017010009	0.0	0.2903832218047613	1.7347013671387028	0.0	0.0	4.2044468804396296	1.651006801256711	0.0	1.9081177824015612	0.0	2.292413386483668	2.0080291922921996	1.2349377169319538	0.9806437964792489	2.8376077426779527	0.0	0.0	0.0	0.46286675398422283	0.46286675398422283	0.0	0.0	1.9131942857476085	1.0940793127528274	0.0	0.0	0.0	0.0	0.7602588018070495	0.9806437964792489	0.8266833879749061
feces__J402	0.6958781287639408	1.338730965838024	0.0	4.091684911711577	0.0	2.7154704060133072	2.6183550001893967	0.0	0.0	4.0751684848666665	1.7596266849423312	0.2991001544898148	1.619473498109606	0.0	2.075345328505718	0.8417844716011146	2.4600380451454815	1.619473498109606	3.3311900196911295	0.0	0.0	0.0	0.2991001544898148	0.0	0.0	0.0	2.5327014415742317	1.2973559348458645	0.0	0.2991001544898148	0.0	0.0	0.4745462227741883	1.2973559348458645	0.0
feces__J403	0.7030053360789218	0.7030053360789218	0.3035564685417966	3.97700907525397	0.4804866296231376	0.4804866296231376	1.4027779267863778	0.4804866296231376	0.0	4.259610298619553	1.4819925817668156	0.6058442103534636	1.804299363908585	0.0	2.1603393397094877	0.4804866296231376	0.3035564685417966	0.0	2.416638623117176	0.0	0.4804866296231376	0.0	0.4804866296231376	0.8494201800420308	0.0	0.0	1.729219678891534	0.6058442103534636	0.0	0.0	0.0	0.0	0.0	0.0	0.0
feces__J404	0.0	0.5977869674454478	0.29818598953506004	3.9640823939863994	0.0	1.2250799376950352	2.058800747997685	0.0	0.0	4.237703710371552	1.31678599309767	0.7734008404274654	2.664551368045324	0.0	2.482862607555303	2.1466220368955806	1.9899864558954021	0.4733250927336441	2.6494443842620514	0.0	0.0	0.0	1.31678599309767	0.5977869674454478	0.0	0.0	2.1496694471111857	0.7734008404274654	0.0	0.4733250927336441	0.0	0.0	0.29818598953506004	0.694410611784314	0.0
feces__J405	0.0	0.0	0.3080886970868972	4.201975316086654	0.0	2.1244873751799496	2.7751564368026056	0.0	0.0	4.038570963266343	1.8267057960733684	0.4865075899164296	0.7102095059754693	0.3080886970868972	1.532100637739273	1.6264521101558835	1.557678627930139	1.1591470612809516	2.4322531968388557	0.0	0.0	0.0	0.7102095059754693	1.0920358068899017	0.0	0.0	2.285772412857583	1.0541425541704585	0.0	0.4865075899164296	0.0	0.0	0.0	0.9667130767933875	0.0
feces__J406	0.2820295056857387	1.2186552664558248	0.0	4.142832940325192	0.2820295056857387	0.8119980958566404	1.5185601226153609	0.0	0.0	4.112349009354019	1.677914181457036	0.45159793928458986	1.2186552664558248	0.0	1.8647275373652594	2.414591055935746	1.891026610734013	1.3246217644082374	2.8986944043058656	0.0	0.0	0.0	1.006203239297578	0.2820295056857387	0.0	0.0	1.6942756864732311	1.043686239503207	0.2820295056857387	0.0	0.0	0.0	0.8119980958566404	0.7460056450328282	0.9651769434041477
feces__J407	0.0	1.4663426051563766	0.0	4.044460900305596	0.45079127382430506	2.1124653944727902	1.9976930887539655	0.0	0.0	4.198180659064068	1.8355024688149513	0.45079127382430506	2.34744321048764	0.0	2.429845631201696	0.281433669996159	2.118535434023688	1.00507807133369	2.5587775266577473	0.0	0.0	0.0	0.0	0.281433669996159	0.0	0.0	1.942589990901911	0.8681934093380935	0.0	0.0	0.0	0.0	0.0	0.0	0.0
feces__J408	1.4043056636581621	0.9747635331237393	0.0	3.8718003124902527	0.0	0.8210971525322508	1.9721573174997244	0.0	0.0	4.297075834200738	1.9891794854954958	0.8210971525322508	1.9067030487509558	0.0	2.18688780435661	1.177799492659522	1.0158936731566004	1.27434756250773	2.662122161376066	0.0	0.0	0.0	0.0	0.0	0.0	0.0	1.5958075206082518	0.4585696956537902	0.2871911467973397	0.0	0.0	0.0	0.0	0.0	0.5811327600424975
feces__J409	1.3124015385351582	0.9717514123137728	0.0	4.223287686983449	0.0	1.3847244309853675	2.523681636963085	0.0	0.0	4.021423758594908	1.7819119344480834	0.0	0.7520593393514104	0.0	1.0503918116097226	1.7819119344480834	1.9600555443991319	0.28556368594823905	2.3188900449183896	0.0	0.0	0.0	0.4563746397468783	0.28556368594823905	0.0	0.28556368594823905	2.2846243474137857	0.6739524286660095	0.0	0.0	0.0	0.0	0.0	0.7520593393514104	1.401068433974388
feces__J410	0.0	0.853272328746356	0.0	4.19932023837233	0.0	0.9114329479839941	2.155582593626631	0.0	0.0	4.064516867835182	1.6220759195538137	0.0	0.9627166146914855	0.0	1.5277502817884	0.3058170087830783	1.5890575142772057	0.4834922847204552	2.7145112186854212	0.0	0.0	0.0	0.0	0.0	0.0	0.0	1.6527604095420072	0.9114329479839941	0.0	0.0	0.0	0.0	0.0	0.0	0.0
feces__J411	1.0208252349743216	1.7215989389410173	0.3127226254441049	3.7374879455257655	0.0	1.100382870030767	2.0681991347151247	0.0	0.0	4.3371345200960825	1.7302079339430778	0.0	1.344226369824841	0.0	2.181285070759187	1.2771007201091298	1.0624232636657414	1.815107710174831	2.654469942804301	0.0	0.0	0.0	0.0	1.1352896544786357	0.0	0.0	1.9148850420682586	1.0624232636657414	0.0	0.4926425024468136	0.0	0.3127226254441049	0.0	1.0208252349743216	0.0
feces__J412	0.0	1.0525116502992669	0.0	4.179236339473441	0.30718062362965787	2.315351490694168	2.749385945029666	0.0	0.0	4.047243534663908	1.818207091008252	0.0	1.29033454497584	0.0	2.185320784442999	1.9258822988265485	1.7021655542212535	1.5681831473232475	2.7800924242705567	0.0	0.0	0.0	0.0	0.30718062362965787	0.0	0.0	2.3110079073261556	1.2155818697565548	0.0	0.0	0.30718062362965787	0.0	0.0	1.0110091729018986	0.0
feces__J413	0.9632487095857639	0.7866000017262312	0.0	4.152288621064255	0.3061189440263455	3.210689580019573	3.4440450387344006	0.0	0.0	3.8827399936716995	2.348529566288482	0.0	0.7866000017262312	0.0	1.3899132481581886	1.5896392625427953	1.2399791263978075	1.2399791263978075	3.1118581166705104	0.0	0.0	0.0	1.123292242563878	0.3061189440263455	0.0	0.0	2.5759395942819148	0.7866000017262312	0.0	0.7070839426200151	0.0	0.0	0.9119568920036685	0.0	0.4838933535910606
feces__J414	0.0	0.3125314891746612	0.0	4.120308794997583	0.6191999887438479	1.946722071819081	2.547684996730843	0.0	0.0	4.1390798020490065	1.9089095532422566	0.7971545977279512	1.9815044489354348	0.0	2.086973466084605	0.8646323079230913	1.885725934470044	1.4197604242839588	2.332227941578801	0.0	0.0	0.0	0.4923898730018458	0.4923898730018458	0.0	0.0	2.3550417837899027	0.8646323079230913	0.3125314891746612	0.3125314891746612	0.0	0.0	0.0	0.3125314891746612	0.0
feces__J415	1.0690481671639525	0.5292949740955873	0.34073605379273214	4.066593386209251	0.0	2.733942055623397	2.59962153334375	0.0	0.0	4.13681361058672	1.520742347428999	0.5292949740955873	1.3949671499931422	0.0	1.9384498240638877	0.9110955702772756	2.2339616288445523	1.5360687525372843	3.0523603500708263	0.0	0.0	0.0	0.5292949740955873	0.34073605379273214	0.0	0.0	2.6636146614689764	0.9110955702772756	0.0	0.0	0.34073605379273214	0.0	0.0	0.760866396226074	0.34073605379273214
feces__J416	0.4773781771883683	0.9545850389660974	0.3012227017633271	4.051769376937505	0.4773781771883683	0.0	2.2745411272862186	0.0	0.3012227017633271	4.205345916818554	1.929799721174131	0.4773781771883683	1.6438292495848144	0.0	1.991607472241731	0.602349018420974	0.7784723797278461	0.602349018420974	2.5947768970626606	0.3012227017633271	0.0	0.0	0.3012227017633271	0.0	0.0	0.0	2.0867420003768418	0.7784723797278461	0.0	0.0	0.0	0.0	0.3012227017633271	0.3012227017633271	0.0
feces__J417	0.0	0.43573501386745955	0.0	4.228800038219822	0.0	0.43573501386745955	2.4403466500633333	0.0	0.0	4.028751444247334	1.708353606431197	0.7257714428374642	1.0873389421949273	0.0	1.2618129905943134	0.9839222993794355	1.2618129905943134	1.456927688488104	2.2830027934757733	0.0	0.0	0.0	0.0	0.43573501386745955	0.2703658912527852	0.0	1.506391878336042	0.9839222993794355	0.0	0.43573501386745955	0.0	0.0	0.5552117520751065	0.0	0.0
feces__J418	0.4723711742152003	0.8389811961326387	0.4723711742152003	4.155599331897366	0.29747231483053466	2.806447307651491	2.7292649735485726	0.0	0.0	4.063300115908675	2.252966221140488	0.4723711742152003	0.9478974528913797	0.0	1.8254700920378308	1.4244857445668282	1.8850422032203051	1.1394975445550473	2.8719606491146763	0.0	0.0	0.0	0.29747231483053466	0.0	0.29747231483053466	0.0	1.9274374621725838	1.0349023399050077	0.29747231483053466	0.0	0.0	0.0	0.0	0.29747231483053466	0.0
feces__J419	0.8756307675926929	1.032004438853336	0.0	4.097772531912768	0.0	3.1721148994495625	3.02882085807891	0.0	0.0	4.045800610765134	2.14236331949638	0.5010520211949021	1.67809811791426	0.0	2.3737196014088418	0.9342365338045344	1.7249205355373791	1.4813607280608452	3.1284630135163667	0.0	0.0	0.0	0.6288914725058291	0.8756307675926929	0.0	0.0	2.2473980438220513	0.9858658721423862	0.0	0.8078642004519283	0.0	0.0	0.0	1.0737086650688963	0.3191005547542503
feces__J420	1.1866877318377556	1.0811392430730704	0.0	4.099476009133949	0.0	2.9572915846880896	2.247389288130962	0.0	0.0	4.095718152595573	2.0208156526459695	0.3233392308675	1.3200964635613992	0.0	2.143569951574138	1.4733552947011237	1.7587343579024002	1.5044956834934702	3.2033674281524864	0.0	0.0	0.0	0.3233392308675	0.7341346370420786	0.0	0.0	2.0387448745959493	1.0393665717532903	0.0	0.0	0.0	0.0	0.0	1.4034515559344176	0.5066193030489332
feces__J421	0.4509632199082173	1.193044580123235	0.0	4.164948016419356	0.6673858418222987	0.8111674789324529	1.7461609060197474	0.0	0.0	4.103789607368282	2.210801797987977	0.5725185796231137	1.3420942419083954	0.0	2.1336136751472043	1.3597537168212315	2.2058971266528595	0.7451998964500379	2.4968271317933612	0.0	0.0	0.0	0.0	0.0	0.0	0.0	1.6511944231806468	0.9643012830210387	0.28156065205978037	0.0	0.0	0.0	0.0	0.0	0.0
feces__J422	0.31419334545989414	0.4945851945777979	0.31419334545989414	4.2248147655789055	0.0	2.413226048660394	2.828673501179499	0.0	0.0	3.9810468699720465	1.6975012142810137	0.0	1.5692874511685058	0.0	1.8036708124474072	1.9232476716188756	1.7813723081122004	0.9258704604243682	2.684849051112426	0.0	0.0	0.31419334545989414	0.6216583610010897	0.6216583610010897	0.0	0.0	2.2432707426908194	1.1379415302470783	0.0	0.4945851945777979	0.0	0.0	0.8674253521851301	0.0	0.0
feces__J423	0.0	1.3472919932262637	0.2841663209799589	4.232600592909557	0.2841663209799589	0.4544876325346631	2.634984838491966	0.0	0.0	4.007697304948133	1.3982792716450352	0.5765123915497634	1.7986264765095041	0.0	1.609857031833896	0.6716645866914824	1.3819397064702674	0.7496699890033085	2.0228101345441196	0.0	0.0	0.0	0.2841663209799589	0.5765123915497634	0.0	0.0	2.44427673140659	0.8731344298509714	0.0	0.2841663209799589	0.0	0.0	0.0	0.2841663209799589	0.0
feces__J424	0.6731428350296336	0.6731428350296336	0.7512138889964202	4.250771693106044	0.0	1.0840028290089596	2.786405377096612	0.0	0.2850688759291301	3.9400453841907983	1.8869536030591547	0.5778928069675626	1.116002968929884	0.0	1.684121191919513	2.0396368950305184	0.5778928069675626	0.455706689557301	2.8933363497651765	0.0	0.0	0.0	0.925448497874809	0.0	0.0	0.0	1.723935800370555	1.2246138719146835	0.0	0.0	0.0	0.0	0.0	0.0	0.7512138889964202
feces__J425	0.9067807016119801	0.8487137465906778	0.0	4.104964601545667	0.6052253773877007	2.4769577329563592	3.023743082484103	0.0	0.0	4.109657134232395	2.205586148271106	0.3031428144174001	0.6052253773877007	0.0	1.8103298304083066	0.8487137465906778	1.6943258675117854	1.4190273797089685	2.7014363274535587	0.0	0.3031428144174001	0.0	0.702345598079377	1.1178359472925243	0.0	0.0	2.6406936164889503	1.1178359472925243	0.7816669260790473	0.3031428144174001	0.0	0.3031428144174001	0.702345598079377	1.0452265609886988	0.0
feces__J426	0.7658048615628873	0.9410604131246924	0.4672723826382261	4.143927215131342	0.0	0.4672723826382261	2.3636027896340734	0.0	0.0	4.119447393170059	1.7014355768050813	0.0	2.3053602515447493	0.0	2.1584293512597212	0.9866505690361633	1.7488301752901436	1.5041133910766182	2.563820739326174	0.0	0.0	0.0	0.4672723826382261	0.7658048615628873	0.0	0.0	1.8366128389113834	0.5909641561970717	0.0	0.0	0.0	0.0	0.0	0.0	0.0
feces__J427	1.0923895948536184	1.2788312471524763	0.0	4.189561924941634	0.0	0.5846298882099936	2.6384659228335714	0.0	0.0	4.050943831848469	1.7763228481652387	0.4616627364888823	1.2788312471524763	0.0	1.7252179815574753	1.6930662876273435	1.89070779960819	1.4958427072919995	2.723278144591054	0.0	0.2894879972209538	0.0	1.020173610319059	1.020173610319059	0.0	0.0	2.325013520315652	1.0577809168090864	0.2894879972209538	0.0	0.0	0.0	0.8826856221162762	1.375501447869591	0.6803526396992946
feces__J428	1.19176689583974	0.30949795866815494	0.0	4.145301248660963	0.0	2.288527576205349	2.9587632166247304	0.0	0.0	4.0710407561769255	1.9659790577968228	0.30949795866815494	1.8678005068347299	0.0	2.215326902952763	1.0945818652726842	2.223497632993446	0.8595150295477477	2.8460533643757944	0.0	0.0	0.0	0.7124406088066005	0.6147008137530154	0.0	0.0	2.1627844587936793	0.7921741634037079	0.30949795866815494	0.0	0.30949795866815494	0.0	0.0	1.3584480882650234	1.0566682388067328
feces__J429	0.0	0.7023082991826632	0.0	4.309391020928845	0.4799049460284296	0.3031194351004661	2.628441115243375	0.0	0.0	3.800187180189061	1.4189826188973858	0.0	0.7023082991826632	0.0	1.1799834501025628	2.101045694763029	2.505215048373866	1.4664237822560184	2.4387225248080973	0.0	0.0	0.0	0.0	0.3031194351004661	0.0	0.0	2.5356355885959885	0.605190392836038	0.3031194351004661	0.3031194351004661	0.3031194351004661	0.0	0.0	0.3031194351004661	0.0
feces__J430	0.8007461941786379	0.6981282028538525	0.5635062238243238	4.125219714818178	0.0	2.2369996872698255	3.1118882815108555	0.3673756650656967	0.0	4.10474152019626	1.9351382081259019	0.5635062238243238	1.2294583971666175	0.0	1.9483493396969258	0.6981282028538525	1.9975079995040892	0.8007461941786379	2.3663079366281528	0.0	0.3673756650656967	0.0	0.8836915025168114	0.6981282028538525	0.0	0.0	2.2234005082314745	0.5635062238243238	0.0	0.0	0.0	0.0	1.0132898991367982	0.3673756650656967	0.5635062238243238
feces__J431	0.8029382607155358	0.5653994967350864	0.0	4.121146986212268	0.0	2.1424659914535797	1.9100162494988793	0.0	0.0	4.122069312206533	1.7147308262719543	0.8029382607155358	1.3994284382202695	0.0	2.0282052109955613	0.7002107162730586	2.2011129175298807	1.4638949669141528	3.030526594403342	0.0	0.0	0.0	0.36886336964496225	0.8029382607155358	0.0	0.0	2.0171745425736565	0.9556208597150369	0.36886336964496225	0.0	0.0	0.0	0.8029382607155358	1.0683644571352753	0.0
feces__J432	0.299168383034855	0.7750441145900713	0.0	4.190755590543731	0.4746373270162376	0.5992645713665997	2.7513876126679335	0.0	0.0	4.05256397678366	1.6091440055382888	0.4746373270162376	1.2974860814888944	0.0	1.871379985237394	0.4746373270162376	2.1636115864653784	1.1426643790428375	2.139310519044232	0.4746373270162376	0.0	0.0	0.299168383034855	0.7750441145900713	0.0	0.0	2.6571424203687593	0.7750441145900713	0.0	0.0	0.0	0.0	0.0	0.0	0.0
feces__J433	0.0	0.6587634435214811	0.0	3.9898579151433777	0.0	0.0	1.80721340725978	0.0	0.0	4.24798780620385	1.5187898605316277	0.2763403365029377	2.3575827399083398	0.0	2.4132104202494116	0.0	1.6035421412781707	0.7361858624001286	2.00268778135053	0.0	0.0	0.0	0.2763403365029377	0.5644783873615856	0.0	0.0	1.8190924071803871	0.6587634435214811	0.44387962653160756	0.0	0.2763403365029377	0.0	0.0	0.0	0.0
feces__J434	0.8098547889965481	1.1915913847645045	0.0	4.2447386697109355	0.5713817557960382	0.0	2.1232447593998485	0.0	0.0	3.9334790226122145	1.358268732014664	0.0	0.6661673982159142	0.0	1.6836892342373568	1.2828775727422903	1.6496762269960037	0.5713817557960382	3.101952807368897	0.0	0.0	0.0	0.6661673982159142	0.5713817557960382	0.0	0.0	2.7346415414663423	1.165421201819958	0.44996070661391047	0.280820481878504	0.0	0.0	0.280820481878504	0.44996070661391047	0.280820481878504
feces__J435	1.0297812036942267	0.0	0.7675193382664487	4.210187338034858	0.4686366493014469	0.4686366493014469	2.7725612246676996	0.0	0.7675193382664487	4.0128857842626875	1.8324935415243555	0.2946821321100267	1.0297812036942267	0.0	1.6687216829314897	1.9318402593847772	1.367961853296889	0.988506183583762	2.6888039009762	0.0	0.0	0.0	1.5673351547922205	0.9428924625796387	1.0297812036942267	0.0	2.510995438947696	0.834158501259237	0.4686366493014469	1.1641658481867636	0.0	0.0	0.7675193382664487	0.4686366493014469	0.0
feces__J436	1.231130112432111	0.6026029018944723	0.0	4.1362697454488515	0.0	1.0798447112941834	2.7663910444413236	0.0	0.0	4.11789550234079	1.7715634851132553	0.3013920114413204	0.6026029018944723	0.0	1.7931037560371006	1.845811439540487	1.4920620965589886	1.5447711131172677	2.4906798692403176	0.0	0.0	0.0	1.2794392699908748	0.6026029018944723	0.0	0.0	2.3951724950200926	0.3013920114413204	0.0	0.7787544424732356	0.0	0.0	0.3013920114413204	0.6026029018944723	1.0798447112941834
feces__J437	0.6544068088507653	0.7545921122118916	0.5239537585320707	4.151441269430847	0.0	2.0931894707286527	3.0908499099577886	0.0	0.0	4.062748438793988	1.936856430278638	0.3366192712714055	1.2403286030238225	0.0	1.8155369140660325	1.4080150094590593	1.7484010330815178	1.295187760791745	2.916580951392547	0.0	0.0	0.3366192712714055	0.0	0.9635791765580005	0.7545921122118916	0.0	1.7298600614996689	0.9635791765580005	0.0	1.177524019538846	0.3366192712714055	0.0	0.0	0.0	0.0
feces__J438	0.9323564437111858	0.7258037637085478	0.0	4.070794151635809	0.0	2.934163719396411	3.0614252972655667	0.0	0.3179943643879511	4.128213439118011	2.037294874873232	0.3179943643879511	0.873786517855547	0.0	1.7730705401203046	0.7258037637085478	1.7886031779018876	0.6272643489256648	2.7929030208037715	0.0	0.0	0.0	1.261850617529687	1.4470299344127036	0.0	0.0	2.0822227084692884	0.4995962836305636	0.0	1.1447620935540304	0.0	0.0	0.0	0.7258037637085478	0.0
feces__J439	0.6967061359979992	1.2277843189618185	0.2996164614793532	4.142706754768588	0.0	0.8426720143286722	2.3607925939980543	0.0	0.0	4.119875784342735	1.6307028346858532	0.4752355182333323	1.2277843189618185	0.0	2.094101055756471	2.19308606302143	1.1734489293469157	0.0	2.507722094295127	0.0	0.0	0.0	0.4752355182333323	0.9517263701694878	0.0	0.0	2.382786280391445	0.5999379610190151	0.0	1.2277843189618185	0.0	0.0	0.0	0.8426720143286722	0.0
feces__J440	0.2795035389713678	0.4481754908398765	0.9152029583970936	4.126909909271741	0.0	0.6639961629573504	1.9153762846588809	0.0	0.0	4.146410990190344	1.6195917379167197	0.2795035389713678	2.0897048867458508	0.0	2.39690172614311	0.0	1.5252808809653602	0.741657224746083	2.345180037635423	0.2795035389713678	0.0	0.0	0.4481754908398765	1.434492714783603	0.0	0.0	1.8256838494397976	0.5693564954474714	0.0	0.8075149013512637	0.0	0.0	0.0	0.4481754908398765	0.0
feces__J441	0.9897800381926142	0.4695740929265373	0.29538195562136527	4.1319574559190375	0.0	2.18182794015082	3.0323950410516773	0.0	0.0	4.055291788133189	1.938148930658567	0.4695740929265373	1.0310682546213013	0.0	1.9664743561499662	2.887369225331224	1.3315755293584153	1.5452518989119426	2.928161992252286	0.0	0.0	0.0	1.436198786350366	1.729201603214655	0.8353702354464307	0.0	2.1705488728372972	1.24454156822875	0.29538195562136527	0.9897800381926142	0.0	0.0	0.0	0.8353702354464307	0.0
feces__J442	1.2976061438668889	1.4934401088183773	1.230870336121247	4.192025289741594	0.0	2.354441144731141	2.796980546467188	0.0	0.0	4.016539207646401	1.813354211428451	0.0	1.5311614463325898	0.0	1.355439787140743	1.565866663145958	2.354441144731141	1.3731242187217767	2.856108768078693	0.0	0.46003961230394297	0.0	1.3370045669435815	1.1799023387820622	0.0	0.0	2.354441144731141	1.0901087025562008	0.0	1.1221475232274938	0.28828216201014534	0.0	0.28828216201014534	0.28828216201014534	0.0
