Taxa	J401	J402	J403	J404	J405	J406	J407	J408	J409	J410	J411	J412	J413	J414	J415	J416	J417	J418	J419	J420	J421	J422	J423	J424	J425	J426	J427	J428	J429	J430	J431	J432	J433	J434	J435	J436	J437	J438	J439	J440	J441	J442
Bifidobacteriaceae	1.0	366.0	2.0	13.0	88.0	4.0	101.0	4.0	22.0	5.0	6.0	139.0	1289.0	53.0	365.0	0.0	0.0	509.0	1122.0	655.0	5.0	204.0	0.0	5.0	235.0	1.0	0.0	130.0	1.0	104.0	76.0	2.0	0.0	0.0	1.0	10.0	81.0	689.0	4.0	3.0	108.0	187.0
Desulfovibrionaceae	148.0	100.0	89.0	239.0	25.0	64.0	215.0	133.0	9.0	30.0	119.0	112.0	15.0	92.0	57.0	79.0	16.0	56.0	157.0	84.0	109.0	43.0	36.0	42.0	47.0	110.0	47.0	124.0	8.0	49.0	63.0	54.0	223.0	38.0	37.0	47.0	40.0	48.0	112.0	231.0	68.0	18.0
Bacteroidaceae	1335.0	1548.0	991.0	1817.0	1831.0	2482.0	780.0	1379.0	1784.0	1379.0	638.0	1709.0	1420.0	1610.0	2155.0	952.0	1811.0	1513.0	1588.0	1605.0	1719.0	1646.0	1596.0	3762.0	1818.0	1643.0	3740.0	2075.0	3632.0	1304.0	1452.0	1708.0	1154.0	3071.0	4379.0	2749.0	1900.0	2027.0	2077.0	1943.0	2546.0	4749.0
Prevotellaceae	1425.0	789.0	2871.0	1324.0	1930.0	1541.0	3651.0	1074.0	7151.0	7053.0	784.0	1622.0	2415.0	3647.0	663.0	5141.0	9891.0	1830.0	494.0	2703.0	4537.0	3843.0	6091.0	2044.0	1287.0	5454.0	2796.0	3174.0	3104.0	1998.0	847.0	3229.0	2830.0	2692.0	3439.0	2139.0	3933.0	1643.0	3228.0	4925.0	1341.0	1032.0
Porphyromonadaceae	113.0	125.0	35.0	100.0	98.0	127.0	36.0	88.0	107.0	64.0	122.0	108.0	109.0	102.0	159.0	105.0	131.0	87.0	129.0	94.0	86.0	114.0	129.0	371.0	139.0	154.0	422.0	134.0	226.0	136.0	96.0	74.0	42.0	244.0	563.0	233.0	84.0	121.0	127.0	56.0	295.0	255.0
Coriobacteriaceae	24.0	24.0	16.0	11.0	37.0	29.0	45.0	60.0	36.0	27.0	26.0	39.0	124.0	36.0	12.0	52.0	38.0	87.0	75.0	42.0	116.0	23.0	13.0	49.0	79.0	35.0	38.0	55.0	8.0	38.0	17.0	17.0	21.0	10.0	36.0	31.0	37.0	55.0	21.0	28.0	59.0	35.0
S24-7	3914.0	3932.0	2174.0	2375.0	5265.0	4613.0	3027.0	2598.0	3733.0	2760.0	1790.0	5657.0	4894.0	3157.0	3078.0	2977.0	3149.0	5095.0	5186.0	3455.0	5346.0	5582.0	5763.0	5675.0	4467.0	3515.0	2978.0	4647.0	5986.0	3872.0	2785.0	6886.0	4070.0	5225.0	3307.0	2915.0	2861.0	3401.0	4089.0	4613.0	5561.0	4454.0
Victivallaceae	3.0	10.0	0.0	0.0	1.0	2.0	0.0	0.0	2.0	0.0	7.0	1.0	0.0	0.0	0.0	1.0	0.0	0.0	3.0	6.0	0.0	0.0	1.0	0.0	8.0	0.0	15.0	11.0	1.0	0.0	3.0	0.0	0.0	2.0	2.0	3.0	0.0	3.0	4.0	0.0	4.0	0.0
Lachnospiraceae	1068.0	435.0	1529.0	924.0	248.0	587.0	950.0	2163.0	227.0	592.0	1248.0	521.0	312.0	734.0	278.0	2598.0	676.0	627.0	361.0	499.0	1131.0	421.0	303.0	620.0	474.0	906.0	495.0	460.0	220.0	383.0	348.0	217.0	546.0	334.0	297.0	386.0	492.0	350.0	454.0	819.0	469.0	418.0
Aerococcaceae	0.0	0.0	0.0	4.0	1.0	0.0	0.0	0.0	2.0	0.0	0.0	0.0	0.0	0.0	0.0	0.0	0.0	0.0	0.0	2.0	0.0	0.0	0.0	0.0	0.0	0.0	2.0	3.0	0.0	2.0	1.0	0.0	0.0	1.0	1.0	0.0	0.0	0.0	0.0	0.0	0.0	1.0
Lactobacillaceae	552.0	1849.0	195.0	381.0	220.0	687.0	338.0	437.0	180.0	415.0	372.0	474.0	1062.0	183.0	866.0	330.0	179.0	620.0	1044.0	1199.0	299.0	373.0	98.0	757.0	450.0	302.0	505.0	588.0	231.0	143.0	694.0	102.0	85.0	1258.0	413.0	281.0	647.0	527.0	254.0	209.0	763.0	623.0
Pseudomonadaceae	0.0	0.0	0.0	4.0	3.0	4.0	0.0	0.0	0.0	0.0	0.0	0.0	0.0	2.0	1.0	1.0	0.0	0.0	2.0	0.0	0.0	2.0	0.0	1.0	2.0	0.0	3.0	0.0	0.0	1.0	1.0	1.0	0.0	1.0	10.0	7.0	0.0	16.0	2.0	1.0	2.0	8.0
Alcaligenaceae	34.0	279.0	11.0	84.0	421.0	20.0	74.0	52.0	222.0	99.0	78.0	371.0	1949.0	217.0	213.0	112.0	217.0	376.0	716.0	103.0	27.0	436.0	285.0	406.0	759.0	149.0	304.0	621.0	298.0	716.0	33.0	406.0	45.0	94.0	420.0	403.0	758.0	834.0	163.0	59.0	742.0	484.0
Corynebacteriaceae	0.0	3.0	0.0	0.0	0.0	0.0	0.0	1.0	0.0	0.0	1.0	0.0	0.0	0.0	0.0	0.0	0.0	1.0	0.0	6.0	2.0	0.0	0.0	0.0	0.0	0.0	1.0	2.0	0.0	0.0	1.0	0.0	0.0	0.0	1.0	4.0	0.0	0.0	0.0	0.0	1.0	2.0
Micrococcaceae	0.0	0.0	4.0	0.0	0.0	0.0	0.0	15.0	1.0	0.0	1.0	0.0	1.0	0.0	4.0	0.0	0.0	0.0	3.0	2.0	0.0	1.0	0.0	1.0	4.0	0.0	1.0	2.0	0.0	0.0	0.0	1.0	0.0	1.0	4.0	3.0	3.0	3.0	0.0	0.0	0.0	1.0
Ruminococcaceae	6003.0	2926.0	5258.0	5349.0	5180.0	3706.0	5945.0	6206.0	3979.0	3494.0	5400.0	3273.0	2423.0	3279.0	3370.0	4141.0	5189.0	3936.0	3254.0	3798.0	5686.0	2717.0	4844.0	3584.0	4541.0	4693.0	3912.0	3466.0	2146.0	2546.0	2936.0	3877.0	6465.0	3486.0	4695.0	4513.0	3547.0	3529.0	4368.0	6274.0	4236.0	3146.0
[Mogibacteriaceae]	12.0	15.0	15.0	37.0	21.0	12.0	27.0	12.0	15.0	12.0	24.0	28.0	8.0	29.0	16.0	12.0	27.0	15.0	21.0	27.0	6.0	14.0	17.0	24.0	24.0	23.0	19.0	7.0	7.0	10.0	9.0	17.0	20.0	20.0	16.0	20.0	9.0	18.0	13.0	19.0	16.0	10.0
Enterobacteriaceae	63.0	6.0	0.0	79.0	30.0	182.0	1.0	10.0	38.0	1.0	8.0	47.0	18.0	5.0	3.0	3.0	5.0	13.0	6.0	12.0	13.0	49.0	0.0	67.0	3.0	5.0	32.0	6.0	79.0	0.0	2.0	2.0	0.0	14.0	52.0	44.0	12.0	2.0	93.0	0.0	529.0	23.0
Verrucomicrobiaceae	3.0	0.0	0.0	0.0	0.0	3.0	0.0	0.0	0.0	0.0	0.0	0.0	5.0	0.0	0.0	1.0	3.0	0.0	0.0	0.0	0.0	5.0	0.0	0.0	0.0	0.0	4.0	0.0	0.0	5.0	3.0	0.0	0.0	1.0	3.0	1.0	0.0	0.0	0.0	0.0	0.0	1.0
Anaeroplasmataceae	3.0	20.0	1.0	3.0	0.0	13.0	21.0	4.0	7.0	5.0	36.0	5.0	5.0	1.0	2.0	8.0	2.0	4.0	7.0	7.0	11.0	2.0	21.0	1.0	6.0	4.0	18.0	1.0	4.0	1.0	0.0	3.0	3.0	13.0	0.0	2.0	1.0	3.0	15.0	2.0	2.0	24.0
Christensenellaceae	12.0	68.0	12.0	4.0	30.0	36.0	7.0	18.0	25.0	6.0	16.0	78.0	7.0	30.0	30.0	9.0	68.0	43.0	3.0	32.0	7.0	19.0	37.0	19.0	3.0	23.0	6.0	22.0	16.0	33.0	8.0	15.0	8.0	11.0	89.0	8.0	14.0	14.0	9.0	3.0	49.0	10.0
Rikenellaceae	499.0	1056.0	131.0	356.0	981.0	407.0	554.0	520.0	510.0	107.0	285.0	815.0	658.0	637.0	862.0	44.0	197.0	667.0	482.0	638.0	160.0	365.0	182.0	903.0	715.0	82.0	784.0	454.0	422.0	198.0	973.0	571.0	251.0	1256.0	553.0	791.0	295.0	648.0	540.0	122.0	542.0	709.0
F16	16.0	6.0	0.0	5.0	9.0	20.0	9.0	39.0	7.0	15.0	15.0	16.0	24.0	197.0	6.0	105.0	13.0	8.0	31.0	9.0	31.0	40.0	5.0	25.0	8.0	11.0	4.0	15.0	0.0	3.0	18.0	3.0	7.0	7.0	2.0	4.0	13.0	14.0	26.0	10.0	20.0	19.0
Peptococcaceae	2.0	5.0	8.0	8.0	2.0	7.0	3.0	5.0	15.0	47.0	30.0	3.0	6.0	10.0	5.0	20.0	16.0	0.0	4.0	5.0	14.0	36.0	2.0	6.0	10.0	14.0	24.0	4.0	25.0	5.0	8.0	8.0	31.0	57.0	18.0	0.0	8.0	10.0	23.0	44.0	11.0	2.0
[Paraprevotellaceae]	1560.0	1880.0	1299.0	993.0	1433.0	2317.0	1633.0	368.0	758.0	1362.0	113.0	1298.0	953.0	423.0	439.0	271.0	1681.0	2229.0	415.0	201.0	1425.0	1046.0	1134.0	2270.0	1026.0	1037.0	2037.0	141.0	2498.0	265.0	1321.0	329.0	703.0	2634.0	1292.0	1546.0	677.0	625.0	1354.0	826.0	175.0	1669.0
Streptococcaceae	1.0	1.0	3.0	1.0	5.0	0.0	0.0	0.0	1.0	0.0	0.0	0.0	2.0	0.0	3.0	0.0	1.0	1.0	2.0	2.0	1.0	0.0	0.0	0.0	0.0	0.0	0.0	4.0	2.0	1.0	1.0	0.0	0.0	0.0	1.0	1.0	3.0	0.0	2.0	0.0	0.0	0.0
Deferribacteraceae	49.0	20.0	36.0	270.0	4.0	7.0	140.0	57.0	2.0	3.0	10.0	6.0	4.0	52.0	8.0	16.0	7.0	4.0	23.0	8.0	9.0	18.0	33.0	7.0	2.0	120.0	11.0	35.0	0.0	6.0	7.0	7.0	139.0	2.0	7.0	1.0	7.0	2.0	12.0	83.0	5.0	22.0
Turicibacteraceae	11.0	160.0	0.0	55.0	21.0	48.0	75.0	9.0	57.0	20.0	8.0	25.0	7.0	35.0	89.0	3.0	8.0	40.0	28.0	17.0	107.0	30.0	16.0	0.0	26.0	34.0	49.0	89.0	200.0	42.0	70.0	85.0	23.0	27.0	20.0	21.0	21.0	24.0	10.0	21.0	9.0	150.0
[Odoribacteraceae]	51.0	50.0	25.0	31.0	16.0	47.0	26.0	6.0	8.0	22.0	78.0	63.0	12.0	29.0	58.0	13.0	24.0	44.0	79.0	38.0	11.0	20.0	12.0	51.0	20.0	35.0	58.0	87.0	31.0	17.0	59.0	16.0	2.0	129.0	34.0	70.0	12.0	52.0	39.0	13.0	94.0	22.0
Dehalobacteriaceae	45.0	30.0	42.0	52.0	7.0	32.0	56.0	85.0	22.0	33.0	35.0	31.0	42.0	14.0	10.0	57.0	89.0	26.0	27.0	32.0	25.0	15.0	27.0	22.0	23.0	48.0	28.0	25.0	17.0	42.0	36.0	39.0	116.0	19.0	16.0	32.0	37.0	41.0	30.0	73.0	29.0	10.0
Methylobacteriaceae	2.0	0.0	6.0	3.0	11.0	1.0	1.0	0.0	1.0	0.0	9.0	1.0	1.0	1.0	1.0	0.0	2.0	0.0	3.0	4.0	0.0	1.0	3.0	0.0	9.0	4.0	6.0	1.0	1.0	3.0	4.0	3.0	1.0	3.0	5.0	3.0	7.0	25.0	6.0	25.0	54.0	12.0
Unclassified	5297.0	4397.0	3957.0	4534.0	3673.0	5444.0	4850.0	5093.0	3970.0	3791.0	6200.0	3767.0	2951.0	4478.0	3429.0	5178.0	4950.0	4061.0	3628.0	3079.0	3905.0	3886.0	4335.0	3529.0	6145.0	3604.0	5043.0	3537.0	3918.0	3186.0	3141.0	4769.0	5732.0	5536.0	4211.0	3724.0	4399.0	4352.0	4570.0	4109.0	2995.0	4685.0
Clostridiaceae	71.0	1259.0	17.0	139.0	495.0	1274.0	623.0	80.0	415.0	81.0	183.0	775.0	851.0	811.0	2273.0	29.0	80.0	455.0	952.0	572.0	79.0	281.0	58.0	70.0	766.0	64.0	1385.0	1006.0	69.0	689.0	861.0	171.0	83.0	47.0	136.0	2107.0	217.0	2067.0	55.0	39.0	467.0	745.0
Sphingomonadaceae	0.0	1.0	0.0	2.0	0.0	0.0	0.0	0.0	0.0	0.0	1.0	0.0	0.0	1.0	0.0	0.0	2.0	0.0	3.0	0.0	0.0	2.0	1.0	0.0	1.0	0.0	0.0	0.0	1.0	0.0	0.0	0.0	0.0	1.0	12.0	5.0	12.0	12.0	16.0	6.0	8.0	13.0
Propionibacteriaceae	0.0	0.0	0.0	0.0	0.0	0.0	0.0	0.0	0.0	0.0	4.0	0.0	1.0	0.0	0.0	2.0	0.0	0.0	0.0	0.0	0.0	0.0	0.0	0.0	2.0	3.0	3.0	0.0	0.0	0.0	0.0	0.0	0.0	1.0	3.0	0.0	0.0	3.0	0.0	0.0	1.0	4.0
Peptostreptococcaceae	0.0	21.0	0.0	0.0	1.0	10.0	5.0	0.0	5.0	6.0	2.0	1.0	2.0	20.0	26.0	1.0	3.0	6.0	2.0	7.0	0.0	5.0	4.0	1.0	15.0	1.0	17.0	4.0	11.0	4.0	12.0	6.0	0.0	3.0	1.0	9.0	2.0	16.0	2.0	4.0	5.0	24.0
[Barnesiellaceae]	35.0	36.0	6.0	18.0	41.0	12.0	37.0	18.0	17.0	22.0	36.0	28.0	18.0	31.0	24.0	46.0	47.0	37.0	27.0	37.0	10.0	33.0	26.0	37.0	55.0	27.0	47.0	44.0	20.0	28.0	25.0	12.0	10.0	50.0	60.0	38.0	22.0	32.0	10.0	32.0	37.0	39.0
Moraxellaceae	2.0	0.0	0.0	10.0	0.0	2.0	0.0	0.0	2.0	0.0	0.0	0.0	9.0	0.0	0.0	0.0	0.0	0.0	0.0	0.0	0.0	0.0	0.0	2.0	0.0	0.0	1.0	0.0	0.0	2.0	0.0	0.0	0.0	1.0	3.0	4.0	0.0	0.0	0.0	0.0	8.0	5.0
RF16	6.0	0.0	0.0	0.0	0.0	0.0	0.0	0.0	4.0	2.0	0.0	0.0	6.0	10.0	0.0	4.0	9.0	1.0	0.0	8.0	10.0	3.0	5.0	0.0	0.0	4.0	1.0	1.0	1.0	1.0	0.0	0.0	1.0	0.0	2.0	0.0	5.0	0.0	4.0	1.0	3.0	0.0
