Taxa	J401	J402	J403	J404	J405	J406	J407	J408	J409	J410	J411	J412	J413	J414	J415	J416	J417	J418	J419	J420	J421	J422	J423	J424	J425	J426	J427	J428	J429	J430	J431	J432	J433	J434	J435	J436	J437	J438	J439	J440	J441	J442
Adlercreutzia	24	19	14	11	29	27	42	59	33	25	25	30	89	30	10	50	38	64	59	38	114	22	9	48	68	25	37	48	8	32	15	15	18	10	33	22	28	43	16	26	36	28
Clostridium	12	22	4	6	15	27	28	62	28	31	65	33	28	34	22	12	62	51	20	29	5	27	15	24	13	48	6	10	8	6	21	30	36	12	39	9	9	20	5	14	31	8
Turicibacter	11	160	0	55	21	48	75	9	57	20	8	25	7	35	89	3	8	40	28	17	107	30	16	0	26	34	49	89	200	42	70	85	23	27	20	21	21	24	10	21	9	150
Propionibacterium	0	0	0	0	0	0	0	0	0	0	4	0	1	0	0	2	0	0	0	0	0	0	0	0	2	3	3	0	0	0	0	0	0	1	3	0	0	3	0	0	1	4
Butyricimonas	50	19	21	31	10	47	26	6	8	22	28	23	12	29	48	13	24	16	71	38	10	17	12	33	20	35	58	32	31	16	15	16	2	51	34	28	12	21	12	13	26	22
Prevotella	1425	789	2871	1324	1930	1541	3651	1074	7151	7053	784	1622	2415	3647	663	5141	9891	1830	494	2703	4537	3843	6091	2044	1287	5454	2796	3174	3104	1998	847	3229	2830	2692	3439	2139	3933	1643	3228	4925	1341	1032
Sutterella	34	279	11	84	421	20	74	52	222	99	78	371	1949	217	213	112	217	376	716	103	27	436	285	406	759	149	304	621	298	716	33	406	45	94	420	403	758	834	163	59	742	484
Odoribacter	1	31	4	0	6	0	0	0	0	0	50	40	0	0	10	0	0	28	8	0	1	3	0	18	0	0	0	55	0	1	44	0	0	78	0	42	0	31	27	0	68	0
Lachnospira	0	0	0	0	0	0	0	0	0	0	0	0	0	0	0	2	42	0	0	5	0	0	3	11	2	0	0	0	0	2	0	1	0	0	18	14	0	0	9	1	0	61
Pseudomonas	0	0	0	4	3	4	0	0	0	0	0	0	0	2	1	1	0	0	2	0	0	2	0	1	2	0	3	0	0	1	1	1	0	1	10	7	0	16	2	1	2	8
Methylobacterium	2	0	6	3	11	1	1	0	1	0	9	1	1	1	1	0	2	0	3	4	0	1	3	0	9	4	6	1	1	3	4	3	1	3	5	3	7	25	6	25	54	12
Mucispirillum	49	20	36	270	4	7	140	57	2	3	10	6	4	52	8	16	7	4	23	8	9	18	33	7	2	120	11	35	0	6	7	7	139	2	7	1	7	2	12	83	5	22
Aerococcus	0	0	0	4	1	0	0	0	2	0	0	0	0	0	0	0	0	0	0	2	0	0	0	0	0	0	2	3	0	2	1	0	0	1	1	0	0	0	0	0	0	1
Corynebacterium	0	3	0	0	0	0	0	1	0	0	1	0	0	0	0	0	0	1	0	6	2	0	0	0	0	0	1	2	0	0	1	0	0	0	1	4	0	0	0	0	1	2
Desulfovibrio	80	32	5	89	14	4	51	76	7	14	54	51	10	27	41	0	1	24	82	18	74	29	20	31	24	33	22	70	7	28	38	33	152	25	21	35	35	25	41	154	41	10
AF12	2	8	7	41	5	5	36	25	0	10	9	0	4	23	7	0	2	5	3	7	2	8	0	6	1	2	3	0	3	0	13	0	43	0	3	9	0	7	10	0	0	13
Acinetobacter	2	0	0	10	0	2	0	0	2	0	0	0	9	0	0	0	0	0	0	0	0	0	0	2	0	0	1	0	0	2	0	0	0	1	3	4	0	0	0	0	8	5
Blautia	2	1	5	1	11	2	1	0	33	3	0	18	4	4	2	13	77	0	4	0	1	7	5	53	17	33	9	10	5	5	0	2	3	6	19	2	42	2	15	16	11	5
Bilophila	50	17	71	27	1	31	136	35	0	5	44	17	0	29	1	25	2	5	33	26	22	9	6	4	6	43	2	28	1	1	6	0	50	4	2	4	2	4	32	59	10	1
CF231	1558	1840	1285	972	1422	2298	1627	364	719	1339	110	1279	903	412	437	214	1674	2207	406	200	1413	1040	1127	2175	1023	1015	2015	128	2468	260	1318	296	694	2613	1276	1537	672	548	1328	820	164	1632
Lactobacillus	552	1849	195	381	220	687	338	437	180	415	372	474	1062	183	866	330	179	620	1044	1199	299	373	98	757	450	302	505	588	231	143	694	102	85	1258	413	281	647	527	254	209	763	623
Bifidobacterium	1	366	2	13	88	4	101	4	22	5	6	139	1289	53	365	0	0	509	1122	655	5	204	0	5	235	1	0	130	1	104	76	2	0	0	1	10	81	689	4	3	108	187
[Ruminococcus]_1	110	37	73	45	14	2	34	82	17	32	35	29	10	31	15	26	12	43	26	34	16	13	8	14	16	53	28	15	4	20	6	8	30	6	7	24	24	22	23	58	22	16
Roseburia	143	15	36	187	1	4	50	128	2	27	199	26	43	26	12	159	2	11	30	6	1	0	15	3	44	11	9	15	1	81	13	0	20	1	4	10	5	21	111	23	58	11
Sphingomonas	0	1	0	2	0	0	0	0	0	0	1	0	0	1	0	0	2	0	3	0	0	2	1	0	1	0	0	0	1	0	0	0	0	1	12	5	12	12	16	6	8	13
Dehalobacterium	45	30	42	52	7	32	56	85	22	33	35	31	42	14	10	57	89	26	27	32	25	15	27	22	23	48	28	25	17	42	36	39	116	19	16	32	37	41	30	73	29	10
Bacteroides	1335	1548	991	1817	1831	2482	780	1379	1784	1379	638	1709	1420	1610	2155	952	1811	1513	1588	1605	1719	1646	1596	3762	1818	1643	3740	2075	3632	1304	1452	1708	1154	3071	4379	2749	1900	2027	2077	1943	2546	4749
Oscillospira	2252	817	2147	2370	715	1509	1910	3308	909	1127	2929	1069	708	927	630	1072	961	1735	1479	1606	2779	967	2305	1395	2253	1921	997	1326	578	940	1094	1727	3532	929	1220	1562	1442	1288	2391	3205	1463	1080
Paraprevotella	2	40	14	21	11	19	6	4	39	23	3	19	50	11	2	57	7	22	9	1	12	6	7	95	3	22	22	13	30	5	3	33	9	21	16	9	5	77	26	6	11	37
Dorea	29	15	12	7	14	10	9	33	1	15	18	22	3	488	30	45	65	31	16	6	7	13	5	65	30	1	23	18	1	2	52	14	10	2	4	11	12	8	0	17	28	18
SMB53	0	8	0	4	1	3	5	0	0	7	3	0	2	0	3	0	1	4	2	9	4	2	0	1	5	1	4	2	6	1	7	5	2	0	7	1	0	8	0	10	4	3
Streptococcus	1	1	3	1	5	0	0	0	1	0	0	0	2	0	3	0	1	1	2	2	1	0	0	0	0	0	0	4	2	1	1	0	0	0	1	1	3	0	2	0	0	0
Candidatus Arthromitus	0	0	5	0	0	0	0	0	1	0	0	0	0	1	0	0	0	0	4	0	19	0	15	1	0	4	2	9	0	0	0	1	0	9	3	0	1	0	0	0	18	0
Unclassified	13844	12652	10257	10292	14768	14168	13421	12753	11796	9051	11315	13231	11137	11506	11984	13052	12060	12565	11947	9712	13138	11574	12914	12118	14234	9990	13197	11680	12128	9694	9625	14402	13224	14330	11577	12565	9876	12572	11374	12124	12917	12211
Parabacteroides	113	125	35	100	98	127	36	88	107	64	122	108	109	102	159	105	131	87	129	94	86	114	129	371	139	154	422	134	226	136	96	74	42	244	563	233	84	121	127	56	295	255
Ruminococcus	596	559	540	963	420	392	527	368	146	559	625	525	242	372	683	803	1109	497	467	636	362	654	284	695	609	697	480	594	147	206	291	354	302	671	508	370	483	501	308	582	420	757
Akkermansia	3	0	0	0	0	3	0	0	0	0	0	0	5	0	0	1	3	0	0	0	0	5	0	0	0	0	4	0	0	5	3	0	0	1	3	1	0	0	0	0	0	1
Anaerostipes	2	0	0	0	13	4	0	5	6	18	0	1	0	1	0	0	22	3	2	3	2	6	4	8	1	1	0	0	0	0	0	0	2	26	5	0	2	0	4	4	0	6
Anaeroplasma	3	20	1	3	0	13	21	4	7	5	36	5	5	1	2	8	2	4	7	7	11	2	21	1	6	4	18	1	4	1	0	3	3	13	0	2	1	3	15	2	2	24
Coprococcus	26	89	36	30	16	208	45	35	13	25	63	107	30	45	31	21	11	69	20	174	63	151	21	169	32	244	6	37	17	22	19	27	28	9	31	3	11	25	34	23	6	108
Sarcina	0	3	0	1	0	4	0	0	1	0	1	2	2	5	0	0	0	0	0	0	0	0	0	0	0	0	2	0	0	2	2	1	0	0	0	2	0	6	0	0	0	0
rc4-4	1	2	4	4	2	5	3	1	15	44	5	0	6	7	2	19	16	0	1	3	14	36	2	6	9	10	21	3	23	3	7	6	16	57	17	0	4	10	20	32	6	2
