Taxa	J401	J402	J403	J404	J405	J406	J407	J408	J409	J410	J411	J412	J413	J414	J415	J416	J417	J418	J419	J420	J421	J422	J423	J424	J425	J426	J427	J428	J429	J430	J431	J432	J433	J434	J435	J436	J437	J438	J439	J440	J441	J442
Pseudomonadales	2.0	0.0	0.0	14.0	3.0	6.0	0.0	0.0	2.0	0.0	0.0	0.0	9.0	2.0	1.0	1.0	0.0	0.0	2.0	0.0	0.0	2.0	0.0	3.0	2.0	0.0	4.0	0.0	0.0	3.0	1.0	1.0	0.0	2.0	13.0	11.0	0.0	16.0	2.0	1.0	10.0	13.0
CW040	16.0	6.0	0.0	5.0	9.0	20.0	9.0	39.0	7.0	15.0	15.0	16.0	24.0	197.0	6.0	105.0	13.0	8.0	31.0	9.0	31.0	40.0	5.0	25.0	8.0	11.0	4.0	15.0	0.0	3.0	18.0	3.0	7.0	7.0	2.0	4.0	13.0	14.0	26.0	10.0	20.0	19.0
Bacteroidales	9108.0	9651.0	7584.0	7201.0	11939.0	11756.0	9907.0	6310.0	14337.0	12824.0	3953.0	11462.0	10650.0	9791.0	7734.0	9600.0	17064.0	11683.0	8674.0	8956.0	13379.0	12705.0	15070.0	15298.0	9909.0	11989.0	13175.0	10905.0	15991.0	7919.0	7786.0	13004.0	9125.0	15533.0	13729.0	10733.0	9920.0	8938.0	11533.0	12631.0	10822.0	13041.0
Burkholderiales	34.0	279.0	11.0	84.0	421.0	20.0	74.0	52.0	222.0	99.0	78.0	371.0	1949.0	217.0	213.0	112.0	217.0	376.0	716.0	103.0	27.0	436.0	285.0	406.0	759.0	149.0	304.0	621.0	298.0	716.0	33.0	406.0	45.0	94.0	420.0	403.0	758.0	834.0	163.0	59.0	742.0	484.0
Deferribacterales	49.0	20.0	36.0	270.0	4.0	7.0	140.0	57.0	2.0	3.0	10.0	6.0	4.0	52.0	8.0	16.0	7.0	4.0	23.0	8.0	9.0	18.0	33.0	7.0	2.0	120.0	11.0	35.0	0.0	6.0	7.0	7.0	139.0	2.0	7.0	1.0	7.0	2.0	12.0	83.0	5.0	22.0
Clostridiales	10484.0	7325.0	9817.0	9833.0	7510.0	8631.0	11067.0	12741.0	6824.0	7023.0	12428.0	6891.0	4884.0	8313.0	7920.0	10917.0	9614.0	7672.0	6717.0	7111.0	9640.0	6091.0	7556.0	6240.0	8685.0	8107.0	8659.0	7629.0	4375.0	6007.0	6149.0	7580.0	11990.0	6282.0	7954.0	9005.0	6772.0	9002.0	8199.0	10290.0	6990.0	7573.0
Sphingomonadales	0.0	1.0	0.0	2.0	0.0	0.0	0.0	0.0	0.0	0.0	1.0	0.0	0.0	1.0	0.0	0.0	2.0	0.0	3.0	0.0	0.0	2.0	1.0	0.0	1.0	0.0	0.0	0.0	1.0	0.0	0.0	0.0	0.0	1.0	12.0	5.0	12.0	12.0	16.0	6.0	8.0	13.0
ML615J-28	2.0	3.0	0.0	1.0	0.0	0.0	0.0	0.0	4.0	3.0	0.0	0.0	0.0	0.0	10.0	0.0	0.0	4.0	1.0	0.0	0.0	0.0	3.0	3.0	4.0	0.0	8.0	4.0	0.0	0.0	0.0	0.0	0.0	1.0	0.0	0.0	0.0	6.0	1.0	7.0	0.0	0.0
Actinomycetales	0.0	3.0	4.0	0.0	0.0	0.0	0.0	16.0	1.0	0.0	6.0	0.0	2.0	0.0	4.0	2.0	0.0	1.0	3.0	8.0	2.0	1.0	0.0	1.0	6.0	3.0	5.0	4.0	0.0	0.0	1.0	1.0	0.0	2.0	8.0	7.0	3.0	6.0	0.0	0.0	2.0	7.0
Coriobacteriales	24.0	24.0	16.0	11.0	37.0	29.0	45.0	60.0	36.0	27.0	26.0	39.0	124.0	36.0	12.0	52.0	38.0	87.0	75.0	42.0	116.0	23.0	13.0	49.0	79.0	35.0	38.0	55.0	8.0	38.0	17.0	17.0	21.0	10.0	36.0	31.0	37.0	55.0	21.0	28.0	59.0	35.0
Turicibacterales	11.0	160.0	0.0	55.0	21.0	48.0	75.0	9.0	57.0	20.0	8.0	25.0	7.0	35.0	89.0	3.0	8.0	40.0	28.0	17.0	107.0	30.0	16.0	0.0	26.0	34.0	49.0	89.0	200.0	42.0	70.0	85.0	23.0	27.0	20.0	21.0	21.0	24.0	10.0	21.0	9.0	150.0
Verrucomicrobiales	3.0	0.0	0.0	0.0	0.0	3.0	0.0	0.0	0.0	0.0	0.0	0.0	5.0	0.0	0.0	1.0	3.0	0.0	0.0	0.0	0.0	5.0	0.0	0.0	0.0	0.0	4.0	0.0	0.0	5.0	3.0	0.0	0.0	1.0	3.0	1.0	0.0	0.0	0.0	0.0	0.0	1.0
Anaeroplasmatales	3.0	20.0	1.0	3.0	0.0	13.0	21.0	4.0	7.0	5.0	36.0	5.0	5.0	1.0	2.0	8.0	2.0	4.0	7.0	7.0	11.0	2.0	21.0	1.0	6.0	4.0	18.0	1.0	4.0	1.0	0.0	3.0	3.0	13.0	0.0	2.0	1.0	3.0	15.0	2.0	2.0	24.0
Rhizobiales	2.0	0.0	6.0	3.0	11.0	1.0	1.0	0.0	1.0	0.0	9.0	1.0	1.0	1.0	1.0	0.0	2.0	0.0	3.0	4.0	0.0	1.0	3.0	0.0	9.0	4.0	6.0	1.0	1.0	3.0	4.0	3.0	1.0	3.0	5.0	3.0	7.0	25.0	6.0	25.0	54.0	12.0
Victivallales	3.0	10.0	0.0	0.0	1.0	2.0	0.0	0.0	2.0	0.0	7.0	1.0	0.0	0.0	0.0	1.0	0.0	0.0	3.0	6.0	0.0	0.0	1.0	0.0	8.0	0.0	15.0	11.0	1.0	0.0	3.0	0.0	0.0	2.0	2.0	3.0	0.0	3.0	4.0	0.0	4.0	0.0
Unclassified	1739.0	1156.0	915.0	847.0	1583.0	2159.0	1125.0	607.0	1320.0	934.0	500.0	1159.0	1174.0	658.0	747.0	845.0	1277.0	1217.0	1031.0	628.0	1069.0	1071.0	1540.0	1351.0	2459.0	1124.0	1667.0	575.0	1610.0	635.0	882.0	848.0	874.0	2144.0	918.0	1259.0	1734.0	866.0	971.0	879.0	878.0	1088.0
RF32	115.0	437.0	54.0	179.0	220.0	108.0	111.0	55.0	260.0	49.0	103.0	265.0	379.0	289.0	464.0	236.0	83.0	96.0	229.0	135.0	69.0	179.0	396.0	96.0	471.0	107.0	283.0	175.0	373.0	156.0	100.0	512.0	75.0	854.0	507.0	283.0	88.0	134.0	288.0	108.0	181.0	277.0
Desulfovibrionales	148.0	100.0	89.0	239.0	25.0	64.0	215.0	133.0	9.0	30.0	119.0	112.0	15.0	92.0	57.0	79.0	16.0	56.0	157.0	84.0	109.0	43.0	36.0	42.0	47.0	110.0	47.0	124.0	8.0	49.0	63.0	54.0	223.0	38.0	37.0	47.0	40.0	48.0	112.0	231.0	68.0	18.0
Bifidobacteriales	1.0	366.0	2.0	13.0	88.0	4.0	101.0	4.0	22.0	5.0	6.0	139.0	1289.0	53.0	365.0	0.0	0.0	509.0	1122.0	655.0	5.0	204.0	0.0	5.0	235.0	1.0	0.0	130.0	1.0	104.0	76.0	2.0	0.0	0.0	1.0	10.0	81.0	689.0	4.0	3.0	108.0	187.0
Enterobacteriales	63.0	6.0	0.0	79.0	30.0	182.0	1.0	10.0	38.0	1.0	8.0	47.0	18.0	5.0	3.0	3.0	5.0	13.0	6.0	12.0	13.0	49.0	0.0	67.0	3.0	5.0	32.0	6.0	79.0	0.0	2.0	2.0	0.0	14.0	52.0	44.0	12.0	2.0	93.0	0.0	529.0	23.0
Lactobacillales	553.0	1850.0	198.0	386.0	226.0	687.0	338.0	437.0	183.0	415.0	372.0	474.0	1064.0	183.0	869.0	330.0	180.0	621.0	1046.0	1203.0	300.0	373.0	98.0	757.0	450.0	302.0	507.0	595.0	233.0	146.0	696.0	102.0	85.0	1259.0	415.0	282.0	650.0	527.0	256.0	209.0	763.0	624.0
