sample	Acetanaerobacterium	Acetitomaculum	Acetivibrio	Acinetobacter	Adlercreutzia	Aerococcus	Akkermansia	Alistipes	Allobaculum	Alloprevotella	Anaerobacter	Anaerofilum	Anaerofustis	Anaeroplasma	Anaerosporobacter	Anaerostipes	Anaerotruncus	Anaerovorax	Arthrobacter	Asaccharobacter	Bacteroides	Barnesiella	Bifidobacterium	Bilophila	Blautia	Butyricicoccus	Butyricimonas	Butyrivibrio	Catonella	Cellulosibacter	Clostridium III	Clostridium IV	Clostridium XI	Clostridium XlVa	Clostridium XlVb	Clostridium sensu stricto	Coprococcus	Corynebacterium	Defluviitalea	Desulfomicrobium	Desulfovermiculus	Desulfovibrio	Dorea	Enterobacter	Enterorhabdus	Escherichia/Shigella	Ethanoligenens	Eubacterium	Faecalibacterium	Fastidiosipila	Flavonifractor	Fluviicola	Gemmiger	Gordonibacter	Gracilibacter	Hallella	Hespellia	Hydrogenoanaerobacterium	Insolitispirillum	Johnsonella	Lachnoanaerobaculum	Lachnobacterium	Lachnospira	Lachnospiracea_incertae_sedis	Lactobacillus	Lactococcus	Lactonifactor	Leclercia	Marvinbryantia	Meniscus	Methylobacterium	Moryella	Mucispirillum	Odoribacter	Olsenella	Oribacterium	Oscillibacter	Paludibacter	Papillibacter	Parabacteroides	Paraeggerthella	Paralactobacillus	Paraprevotella	Parascardovia	Parasporobacterium	Parasutterella	Peptococcus	Phocaeicola	Prevotella	Propionibacterium	Pseudoflavonifractor	Pseudomonas	Rikenella	Robinsoniella	Roseburia	Rothia	Ruminococcus	Ruminococcus2	Saccharibacteria_genera_incertae_sedis	Saccharofermentans	Sarcina	Shuttleworthia	Sphingomonas	Sporacetigenium	Sporanaerobacter	Sporobacter	Staphylococcus	Stenotrophomonas	Streptococcus	Sutterella	Syntrophococcus	Tannerella	Turicibacter	Vampirovibrio	Victivallis	Xylanibacter
feces__J401	23	118	7	2	7	0	5	797	0	0	5	0	0	3	13	4	55	11	0	16	1521	2561	1	29	16	140	112	2	0	2	0	459	22	299	50	37	9	0	4	7	0	85	47	49	0	17	5	10	16	0	1459	1	71	1	1	71	0	23	1	17	33	0	47	554	495	2	5	1	131	0	2	5	84	1	0	2	1167	0	41	184	1	10	1898	0	16	49	2	1	635	0	532	0	28	67	232	0	890	58	24	8	6	15	0	4	9	117	0	4	1	0	14	932	17	0	9	46
feces__J402	14	4	18	0	7	0	2	1563	0	0	96	0	3	21	21	36	155	16	0	9	1829	3136	392	16	15	38	45	3	1	0	4	513	326	410	136	990	9	3	1	24	0	25	24	3	4	3	14	15	8	0	413	5	12	1	0	91	1	24	5	14	42	0	0	269	1718	0	4	0	93	1	0	5	41	61	2	2	594	0	27	234	1	23	2220	1	9	417	2	0	71	0	331	0	40	29	39	1	456	21	8	16	115	2	1	77	3	32	0	0	0	0	3	350	284	0	19	36
feces__J403	31	41	4	1	0	2	0	184	0	0	0	4	0	4	13	36	273	15	0	4	1070	1335	0	25	29	343	42	10	1	0	1	345	32	693	17	1	16	0	0	4	0	7	45	0	0	1	0	15	7	0	1228	0	116	6	0	127	0	29	3	13	94	0	68	383	159	0	7	0	76	0	6	8	62	6	0	0	1516	0	69	60	4	6	1510	0	7	23	5	1	2658	0	503	1	2	22	148	4	543	43	0	1	0	12	0	7	0	96	0	0	6	0	12	373	1	2	0	27
feces__J404	23	32	4	12	2	4	1	462	0	0	14	3	6	3	25	5	315	30	0	6	2132	1697	12	29	11	148	83	11	0	0	0	399	48	683	98	100	28	0	2	49	1	75	35	20	1	81	7	10	8	2	729	0	49	0	1	77	1	29	4	21	134	1	10	302	336	0	30	0	61	4	3	5	467	0	0	3	2428	0	31	172	0	1	1193	0	10	114	4	0	992	0	477	4	16	29	393	0	666	43	11	13	10	14	2	8	1	65	1	0	1	0	45	438	97	0	4	24
feces__J405	18	1	8	0	7	1	0	1456	0	0	48	0	0	0	7	1	58	19	0	14	2077	4100	97	1	46	28	22	1	0	0	0	178	71	62	17	392	0	0	6	5	0	10	7	7	1	25	1	18	3	1	385	0	2	6	0	176	0	14	1	1	29	0	1	49	208	0	5	0	5	0	11	5	4	12	6	0	494	0	55	183	0	0	1836	1	2	575	2	1	118	0	218	4	55	8	16	0	524	30	14	4	51	1	0	17	0	180	0	0	0	0	1	709	34	0	8	110
feces__J406	19	34	6	4	6	2	6	727	0	1	72	0	0	17	56	22	207	15	0	19	2815	3078	4	14	21	123	113	1	3	1	0	180	294	387	26	1012	23	0	0	4	0	4	19	161	3	21	3	5	7	0	688	0	13	3	0	159	0	47	0	41	47	0	37	457	622	0	2	2	29	1	1	1	17	0	0	0	1216	0	38	260	2	4	2859	0	3	23	6	4	376	0	322	4	16	19	57	0	581	54	26	2	136	9	0	71	4	49	0	9	2	9	6	749	84	1	5	80
feces__J407	63	26	0	0	7	0	0	729	2	0	38	0	0	31	6	10	287	20	0	12	848	2181	112	46	8	226	50	5	4	2	0	354	230	312	65	411	2	0	0	10	0	60	16	0	2	1	0	14	2	1	891	0	96	5	0	216	0	71	8	17	67	0	59	878	294	0	4	0	56	2	1	2	243	0	0	14	1310	0	34	64	0	4	1971	0	4	108	3	0	2746	0	788	0	22	83	101	0	1067	18	11	0	50	10	0	51	4	68	0	0	0	0	19	408	139	2	0	71
feces__J408	41	70	2	0	9	0	0	752	0	1	0	2	0	9	3	38	161	18	3	45	1577	1936	4	18	27	245	17	13	0	9	0	346	17	842	65	12	11	1	0	5	0	71	77	2	2	10	2	11	10	0	1715	3	115	0	4	92	3	9	2	45	72	0	51	547	375	0	42	0	95	4	0	5	85	0	0	7	2175	0	43	141	0	2	470	0	51	98	3	0	348	0	997	0	24	35	284	20	552	82	49	4	0	12	0	0	1	66	0	3	0	0	12	441	10	0	0	32
feces__J409	17	2	1	2	3	2	0	820	0	0	26	1	0	9	7	95	91	8	7	7	2125	2861	19	0	37	52	21	1	4	1	0	276	171	319	9	300	3	2	7	1	0	6	8	11	8	30	0	13	10	0	406	0	15	0	0	298	0	6	4	11	45	0	19	140	158	0	2	1	55	0	1	2	5	1	0	1	448	0	34	205	0	1	966	0	4	330	16	4	5774	0	329	0	7	8	3	1	477	6	8	2	22	3	0	24	1	154	0	25	2	27	3	525	93	0	5	136
feces__J410	13	13	4	0	7	0	0	166	0	3	0	0	0	6	10	19	81	6	0	11	1609	1732	5	5	24	69	37	1	23	0	0	143	181	771	15	19	3	0	1	6	0	11	23	0	3	1	0	6	36	0	508	0	50	0	0	226	1	4	4	6	34	2	24	181	394	0	10	0	26	0	0	3	8	0	0	4	814	0	13	109	0	4	1652	0	4	138	50	0	6039	0	444	0	3	13	80	0	1146	49	22	4	1	11	0	41	1	72	0	0	0	0	2	521	36	0	0	96
feces__J411	54	153	15	0	6	0	0	464	0	0	6	3	0	49	15	26	304	21	0	11	737	1460	7	11	0	106	48	19	0	6	0	571	60	552	137	71	25	2	4	8	0	45	24	1	1	13	5	10	11	0	1298	1	47	3	0	45	2	30	0	43	80	1	33	574	317	0	14	0	134	0	9	3	20	84	1	2	2209	0	44	178	5	0	130	0	13	107	9	0	372	4	842	0	11	52	560	1	218	71	18	5	19	8	2	10	2	54	0	0	4	0	32	289	10	0	9	32
feces__J412	19	7	11	0	4	2	0	1178	2	2	62	1	1	10	22	88	86	28	0	11	1991	4607	157	19	29	70	56	4	2	1	1	526	160	305	49	609	1	0	5	21	0	53	32	10	3	45	5	14	4	1	539	4	18	2	4	150	1	17	11	7	43	1	7	63	418	0	3	0	37	0	1	2	18	65	7	2	594	0	20	219	4	10	1643	0	5	530	0	1	245	0	340	0	24	23	64	0	279	72	18	14	69	3	0	37	0	103	0	0	1	14	4	620	46	1	9	65
feces__J413	5	7	6	11	14	2	7	1000	5	0	49	1	1	5	8	5	40	2	0	48	1695	4480	1303	4	29	11	29	0	2	3	0	246	109	136	46	685	3	2	0	1	0	4	7	11	10	9	5	13	7	0	330	1	19	4	0	156	0	8	12	9	9	0	11	48	1018	0	2	1	17	0	1	1	5	0	47	0	381	0	16	177	3	9	1272	1	5	2712	6	2	1520	1	355	0	12	22	93	2	353	16	34	8	77	0	0	30	0	37	0	1	0	0	10	291	11	1	0	58
feces__J414	9	7	25	0	1	0	0	864	0	0	45	1	2	1	21	2	111	19	0	20	1921	2711	56	13	6	92	72	3	14	0	0	385	298	260	29	635	8	0	0	12	0	33	33	0	2	6	4	9	7	0	664	1	3	2	1	126	1	21	6	19	40	3	5	91	150	0	8	0	50	2	1	1	90	3	2	1	486	0	43	205	0	2	549	1	5	330	10	0	3362	0	242	2	26	23	62	0	346	662	258	12	71	4	1	61	2	80	0	0	0	0	0	366	72	3	1	34
feces__J415	16	4	8	1	1	0	0	1140	0	0	147	2	0	2	4	3	59	8	0	2	2479	2409	361	4	4	30	81	0	0	2	0	275	268	195	41	1898	2	0	1	11	0	39	4	1	6	3	19	26	22	1	348	0	4	3	0	58	0	8	3	15	38	0	13	158	779	0	6	0	29	0	1	1	20	16	0	1	407	3	34	253	0	3	565	2	3	330	3	1	86	0	164	1	19	22	49	8	1022	55	9	0	182	3	0	52	1	90	0	1	5	3	9	434	134	0	4	39
feces__J416	29	49	20	0	10	0	1	100	0	0	0	2	0	8	5	67	102	7	0	18	1064	1852	0	10	41	259	28	7	0	0	0	228	86	858	12	4	12	0	0	20	0	1	12	0	3	3	1	18	4	0	485	0	85	2	0	122	0	8	10	11	152	0	42	158	303	1	3	0	140	1	0	1	43	0	0	1	757	0	48	176	1	4	378	0	18	168	21	2	4551	2	287	1	1	36	312	0	1270	77	128	5	0	5	0	19	0	57	0	0	2	0	15	821	5	1	1	43
feces__J417	6	4	8	0	9	0	3	319	0	0	0	0	0	2	3	4	84	13	0	18	2026	2122	2	3	219	62	51	5	0	3	1	345	41	130	19	5	17	0	1	1	1	2	11	1	2	6	2	25	10	0	494	1	15	2	0	174	0	11	0	1	19	0	39	145	176	0	11	0	18	2	2	0	13	0	1	1	589	0	50	179	2	3	2027	0	6	130	17	1	9453	0	213	0	17	15	21	0	1417	102	15	6	0	1	2	16	2	150	0	0	1	181	1	525	20	0	0	49
feces__J418	24	7	13	0	8	0	0	928	1	0	28	3	2	6	14	7	72	13	0	39	1724	4037	528	2	12	61	30	0	4	0	3	257	236	280	80	312	4	1	1	13	2	11	59	7	13	8	3	19	6	2	803	1	19	4	0	147	0	15	0	4	11	0	16	162	588	0	6	0	26	2	0	4	8	46	5	8	1232	0	20	184	4	6	2647	1	8	544	0	0	562	0	421	0	37	17	28	0	712	36	15	9	23	1	0	47	0	78	0	0	0	0	7	561	70	1	1	58
feces__J419	22	21	7	1	12	0	0	760	1	0	59	2	0	9	11	0	147	17	0	22	1913	4450	1138	25	11	88	140	2	2	0	0	242	104	299	35	769	5	0	2	23	0	70	23	0	6	6	10	11	4	0	652	1	25	4	0	28	0	23	2	30	30	0	3	174	962	0	6	0	66	2	4	2	43	28	9	0	967	0	35	241	2	19	549	1	2	983	2	1	235	0	375	2	22	18	66	5	450	24	41	8	95	10	5	25	0	66	0	0	2	0	6	716	47	0	10	18
feces__J420	26	9	5	0	12	2	0	920	0	0	43	4	0	10	21	12	189	9	0	28	1825	2944	669	22	3	58	74	2	0	1	0	302	103	190	64	423	12	6	0	17	0	24	26	2	2	20	18	18	14	3	854	0	9	0	2	41	0	16	0	24	17	0	11	310	1138	0	5	0	81	0	4	3	18	0	5	1	1154	2	32	147	1	14	274	2	8	159	3	1	2860	0	474	1	24	10	15	3	603	21	13	8	48	4	0	22	2	39	0	2	0	0	10	384	51	0	22	7
feces__J421	20	18	2	0	36	0	0	240	0	0	5	0	1	16	9	20	182	8	0	62	1946	4230	5	13	6	145	17	1	0	0	0	212	82	709	32	33	1	2	2	6	0	73	7	6	4	8	0	1	8	0	1660	0	34	6	7	122	0	17	4	12	80	0	15	202	261	0	1	3	108	3	0	5	23	1	0	0	1952	0	56	133	0	1	1756	0	3	60	15	1	3796	0	392	0	0	35	22	0	181	11	37	6	2	2	0	15	0	65	0	0	0	0	14	545	175	4	0	60
feces__J422	21	18	4	1	4	0	6	498	0	0	13	4	0	2	15	4	42	12	0	15	1954	4661	193	4	14	30	31	2	3	0	0	204	179	230	51	202	6	0	0	2	1	20	6	5	0	51	2	12	1	0	647	0	1	2	0	215	0	4	5	4	23	2	15	189	355	0	2	0	41	0	1	1	34	5	1	1	469	1	9	224	0	4	1322	2	3	633	38	0	2588	0	260	2	7	29	13	1	553	25	45	4	16	2	2	37	0	61	0	0	1	0	2	512	56	0	0	91
feces__J423	11	21	3	0	1	0	0	296	0	2	2	2	0	23	7	4	60	13	0	8	1865	4696	0	2	37	24	46	2	2	1	2	323	104	81	23	20	10	0	1	5	0	17	10	0	6	1	1	6	8	0	1293	0	0	1	10	273	0	10	10	11	43	0	10	106	90	1	7	0	45	1	3	2	67	0	0	7	533	0	46	213	1	0	1381	0	4	154	2	2	5220	0	619	0	8	16	30	0	387	18	5	12	0	1	1	11	2	100	1	0	0	308	7	509	25	1	1	68
feces__J424	12	23	7	7	10	0	0	1211	0	0	2	4	0	4	9	5	59	26	1	30	4286	4227	8	3	81	25	87	1	4	0	1	352	133	177	32	17	2	0	0	0	0	28	15	17	3	65	1	33	5	0	1164	0	17	5	0	181	0	0	3	7	16	0	10	188	719	0	1	0	81	2	0	3	13	32	0	2	365	2	61	566	0	1	2833	0	1	320	8	2	977	0	230	0	35	11	21	2	655	96	28	5	4	1	0	25	0	96	3	5	0	323	0	659	0	0	0	50
feces__J425	20	27	6	2	10	0	4	1034	0	0	58	6	1	6	20	6	49	14	1	32	2065	3503	228	6	27	38	45	0	2	0	1	180	256	313	49	580	2	0	5	3	1	21	10	5	5	0	14	10	6	0	1505	2	33	0	1	120	0	6	21	5	17	0	10	281	411	1	5	0	31	1	10	6	3	0	14	3	773	0	45	235	4	0	1276	0	10	1037	9	3	82	2	484	2	24	33	83	4	995	62	8	13	52	3	1	78	2	44	0	0	0	2	0	686	45	3	10	45
feces__J426	41	23	21	1	7	0	0	119	0	0	0	4	2	8	57	26	115	13	0	4	1899	2350	1	17	37	175	78	1	6	4	1	407	24	346	25	6	9	0	3	16	0	32	30	0	6	6	0	17	10	0	1116	0	61	2	1	145	2	15	6	10	42	3	29	697	290	0	17	0	71	0	4	0	208	0	1	0	1367	0	50	240	1	3	1297	0	5	63	11	4	5071	3	362	0	7	25	76	0	904	47	16	3	4	10	0	10	0	50	1	0	1	173	7	721	57	0	0	56
feces__J427	2	42	7	4	9	2	7	1122	0	1	82	1	2	19	17	2	50	21	0	15	4235	2121	3	2	69	55	116	1	3	1	0	196	326	219	27	1126	4	3	0	9	0	22	42	1	2	40	3	24	18	0	623	1	20	2	0	145	0	8	0	3	23	0	15	80	465	2	6	0	48	0	6	2	19	3	0	0	483	1	27	630	0	1	2382	0	3	455	22	0	1927	3	206	5	22	27	37	1	570	63	7	4	81	0	0	61	0	96	0	4	1	1	0	538	77	0	24	59
feces__J428	15	34	12	4	2	6	0	620	2	0	60	0	1	1	21	2	139	4	9	22	2402	4224	138	16	13	89	77	0	1	1	0	433	112	204	49	819	10	2	0	11	0	67	7	1	2	5	5	8	3	1	843	2	23	6	0	123	1	12	6	8	38	0	32	300	524	0	6	0	85	0	3	8	70	103	7	1	728	1	29	214	1	2	208	0	10	873	3	1	2261	0	295	0	16	11	61	2	579	72	23	10	72	6	0	23	0	40	0	6	1	0	3	315	154	0	21	82
feces__J429	4	10	1	0	7	0	0	598	0	0	0	0	0	4	3	3	50	8	0	9	4251	4769	1	7	19	36	63	4	5	0	0	75	428	244	71	27	4	0	0	0	0	5	6	37	0	43	0	7	5	0	330	0	4	0	0	225	0	10	12	4	22	1	13	68	220	3	8	0	14	0	1	1	4	0	0	0	239	0	29	402	0	2	3029	0	1	341	25	0	1913	0	200	0	12	9	11	0	224	15	0	3	2	5	1	96	0	67	0	0	3	77	2	483	315	2	1	89
feces__J430	9	7	0	2	12	2	7	340	0	0	51	0	0	3	35	29	58	12	0	16	1541	3434	112	3	8	19	28	3	3	0	0	278	148	365	13	549	9	0	0	7	0	30	14	0	8	2	3	5	4	0	389	0	3	3	0	100	0	25	3	10	40	0	9	81	127	0	5	0	70	2	3	11	12	1	0	0	559	0	16	251	0	1	361	0	15	964	6	0	1182	0	231	1	8	14	145	0	301	13	3	11	54	10	0	29	3	24	0	2	2	8	4	313	74	0	1	52
feces__J431	9	6	12	0	3	2	4	1329	0	0	52	0	0	2	5	15	77	7	0	5	1680	2039	81	10	10	36	31	2	3	1	0	307	131	278	95	656	4	3	0	4	0	35	9	1	2	1	3	5	7	0	511	0	27	2	2	74	0	7	5	3	33	2	19	233	651	0	7	0	85	4	4	2	18	76	0	1	794	0	38	154	1	6	1546	0	7	57	12	0	61	0	267	1	17	37	44	0	437	94	21	7	63	2	0	40	1	27	0	0	0	0	12	337	117	0	8	43
feces__J432	14	12	13	0	2	0	0	762	0	0	2	0	1	5	1	9	123	16	0	9	1908	5924	3	7	14	17	45	1	0	0	1	170	223	244	15	99	2	0	2	9	1	30	6	0	5	2	1	9	9	0	985	1	9	0	0	190	0	19	29	21	51	0	3	70	103	0	4	0	123	0	3	8	19	0	0	5	986	0	83	122	0	3	489	0	5	560	6	0	1561	0	369	1	9	28	7	1	355	75	4	2	10	0	0	46	1	45	0	0	0	5	9	575	145	2	0	123
feces__J433	13	13	8	1	6	0	0	294	0	2	3	0	1	4	11	18	150	17	0	11	1343	3221	0	36	4	88	3	7	12	0	0	174	74	1139	29	20	8	0	0	4	1	114	18	0	4	0	2	7	15	0	1258	0	35	0	0	97	3	18	1	14	211	0	31	355	81	0	8	0	282	1	1	3	255	4	0	2	2662	0	28	70	0	1	851	0	24	67	21	1	2365	0	1019	0	10	82	46	0	861	22	11	1	4	6	0	10	1	46	0	0	0	0	25	401	44	0	0	35
feces__J434	8	2	8	3	5	1	1	1674	0	0	2	0	0	16	32	13	110	16	1	6	3467	4331	0	1	11	22	105	0	2	2	0	109	93	306	101	18	5	0	2	6	0	27	13	5	0	9	0	13	4	0	406	0	9	0	0	210	0	4	4	31	39	3	0	111	1180	2	4	0	51	0	3	0	4	130	0	1	642	2	57	397	0	0	3142	0	7	92	68	3	164	1	330	1	65	4	4	4	524	22	9	4	0	0	1	21	0	173	0	1	0	38	0	403	47	3	2	123
feces__J435	8	4	7	16	7	1	5	778	0	0	1	0	0	0	5	13	33	20	0	19	4963	2249	2	8	81	10	102	0	1	6	0	432	238	275	34	49	1	1	0	2	0	17	7	6	3	53	5	45	2	0	735	0	0	2	4	82	0	7	2	5	25	0	45	43	390	0	1	1	11	0	5	0	10	1	3	2	490	0	14	885	1	8	1570	0	2	530	20	0	3155	3	318	13	24	12	8	4	486	11	10	3	6	0	14	56	0	146	1	0	4	65	0	622	23	1	2	37
feces__J436	21	14	8	5	2	0	1	1117	0	0	101	2	1	3	12	5	57	14	4	15	3109	2135	8	2	27	35	64	3	3	1	1	337	125	313	17	1799	3	4	0	4	0	34	19	23	2	29	9	25	6	0	567	0	29	2	1	101	0	15	8	25	25	1	15	116	237	0	2	0	42	1	3	7	3	72	1	0	1141	0	39	374	2	1	1920	0	5	581	0	0	1077	0	371	9	19	13	36	3	603	19	4	4	115	1	5	13	0	78	0	11	2	0	7	546	30	0	3	75
feces__J437	7	33	3	0	4	0	0	441	0	0	19	3	2	4	6	7	59	7	0	18	2212	2088	87	1	65	49	32	2	0	0	1	326	50	291	45	161	0	0	3	1	1	25	18	10	9	1	3	11	9	0	946	3	20	1	0	97	0	10	2	3	30	0	58	65	570	0	6	0	12	0	7	5	14	2	6	1	673	2	56	151	0	5	820	0	7	1048	4	1	3657	0	369	0	3	11	11	3	577	117	14	10	17	4	12	12	2	40	1	0	0	0	4	370	47	0	0	28
feces__J438	34	11	8	0	4	0	0	843	2	3	82	2	2	4	22	1	91	15	0	25	2247	2770	697	6	3	26	61	4	3	1	0	524	265	355	41	1768	4	0	0	6	0	22	11	0	5	3	4	12	1	0	490	0	8	2	2	120	0	33	8	24	78	0	22	94	445	0	5	0	98	1	25	7	6	52	1	2	925	1	48	176	1	4	798	1	7	1063	12	1	93	3	304	16	9	32	113	4	531	24	18	6	122	12	11	38	0	51	0	0	3	0	15	385	51	0	4	69
feces__J439	24	19	1	0	4	0	0	729	0	0	3	1	0	16	24	104	148	7	1	17	2251	3072	4	15	33	85	27	0	1	0	0	394	48	407	30	38	8	0	0	22	0	31	4	3	0	112	0	14	13	0	1393	0	9	1	0	155	0	22	9	10	74	0	12	134	230	0	7	0	50	2	6	7	16	48	0	6	1119	0	19	215	1	0	1675	0	4	195	24	0	1547	0	472	2	21	15	201	0	281	7	39	0	5	2	15	14	1	55	0	0	2	32	5	564	13	0	6	59
feces__J440	25	10	5	0	5	0	0	185	0	0	0	4	0	2	10	5	123	14	0	11	2236	3340	1	29	33	160	24	2	0	1	1	281	134	408	9	1	4	0	2	8	0	146	43	0	5	0	0	13	11	0	1126	0	25	1	5	93	2	21	0	15	105	0	139	267	178	0	11	0	234	1	25	0	135	0	0	1	2583	0	58	96	1	3	1070	0	24	39	42	1	4626	0	670	2	2	14	68	0	1015	280	17	5	1	7	6	21	2	80	8	0	0	40	2	663	30	0	2	59
feces__J441	18	9	10	22	7	0	0	800	2	0	17	2	0	2	3	2	50	8	6	11	2924	4441	110	11	28	57	66	3	2	2	4	247	97	187	37	337	9	1	2	5	1	29	32	19	13	617	3	12	1	0	845	3	22	0	0	77	0	11	8	15	36	0	38	48	711	0	6	0	32	0	54	1	10	133	10	0	637	0	55	488	1	6	273	0	10	1082	6	1	770	1	517	2	18	15	116	0	1438	56	30	11	36	6	9	33	1	72	0	0	2	5	4	656	19	0	6	36
feces__J442	11	8	4	5	15	1	1	1059	0	0	56	0	0	32	23	5	69	13	0	14	5448	3315	195	2	27	49	69	2	9	0	1	330	314	113	38	591	7	12	0	3	0	9	21	7	3	21	1	8	5	2	474	3	5	3	0	74	0	3	7	22	12	0	53	133	597	1	2	0	17	0	14	6	35	0	1	0	531	0	26	393	0	3	1956	0	5	655	4	2	505	4	444	10	25	23	24	1	734	48	28	12	63	2	13	88	1	67	12	0	13	3	6	654	237	0	1	43
