Sample ID	feces__J401	feces__J402	feces__J403	feces__J404	feces__J405	feces__J406	feces__J407	feces__J408	feces__J409	feces__J410	feces__J411	feces__J412	feces__J413	feces__J414	feces__J415	feces__J416	feces__J417	feces__J418	feces__J419	feces__J420	feces__J421	feces__J422	feces__J423	feces__J424	feces__J425	feces__J426	feces__J427	feces__J428	feces__J429	feces__J430	feces__J431	feces__J432	feces__J433	feces__J434	feces__J435	feces__J436	feces__J437	feces__J438	feces__J439	feces__J440	feces__J441	feces__J442
Acetobacteraceae	0	0	0	0	0	0	0	0	0	0	0	0	0	0	0	0	0	0	0	0	0	0	0	0	0	0	0	0	1	0	0	0	0	0	0	0	0	0	0	0	0	0
Actinomycetaceae	0	0	0	0	0	0	0	0	0	0	0	0	0	0	0	0	0	0	0	0	0	0	0	0	0	1	0	0	0	0	0	0	0	0	0	0	0	0	0	0	0	0
Aerococcaceae	0	0	3	4	1	0	0	0	2	0	0	0	0	0	0	0	0	0	0	2	1	0	0	0	0	0	5	7	0	2	2	0	0	1	1	0	0	0	1	0	0	1
Anaeroplasmataceae	3	20	1	3	0	14	23	5	7	5	38	5	5	1	2	8	2	4	7	7	12	2	22	1	6	4	18	1	4	1	0	3	3	13	0	3	2	3	15	2	2	26
Bacillaceae 1	0	0	0	0	1	0	0	0	0	0	0	0	0	0	0	0	0	0	0	0	0	0	0	0	0	0	0	0	0	0	0	0	0	0	0	0	1	0	1	0	0	5
Bacillaceae 2	0	0	0	0	0	0	0	0	0	0	1	0	0	0	0	0	0	0	0	0	0	0	0	0	0	1	0	0	0	0	0	0	0	0	2	0	0	0	0	0	0	0
Bacteroidaceae	1302	1534	938	1871	1720	2422	746	1396	1843	1409	636	1716	1465	1676	2217	950	1857	1479	1662	1659	1722	1712	1594	3748	1806	1652	3810	2133	3733	1350	1459	1660	1227	3047	4567	2777	1972	2056	2003	2002	2611	4915
Bdellovibrionaceae	0	0	0	0	0	0	0	0	0	0	0	0	0	0	0	0	0	0	0	0	2	0	0	0	0	0	0	0	0	0	0	0	0	0	0	0	0	0	0	0	0	0
Bifidobacteriaceae	1	490	2	15	123	4	134	5	24	5	11	191	1498	78	433	0	2	624	1321	798	6	235	2	10	282	2	3	171	1	125	96	3	0	0	2	11	103	769	5	4	145	231
Bradyrhizobiaceae	0	0	0	0	0	0	0	0	0	0	2	0	0	0	0	0	0	0	1	0	0	0	0	0	0	0	1	0	0	0	0	0	0	0	3	0	0	0	0	4	0	0
Burkholderiaceae	0	0	0	0	0	0	0	1	0	0	1	0	0	0	0	1	0	0	0	0	0	0	0	0	0	0	0	0	0	0	0	1	0	0	0	0	0	0	0	0	3	0
Burkholderiales_incertae_sedis	0	0	0	0	0	0	0	0	0	0	0	0	0	0	0	0	0	0	0	0	0	0	0	0	0	0	0	0	0	0	0	0	0	0	0	0	0	0	0	0	1	0
Carnobacteriaceae	0	0	0	0	0	0	0	0	1	0	0	0	0	0	0	0	0	0	0	0	0	0	0	0	0	0	0	0	0	0	0	0	0	0	0	0	0	0	0	0	0	0
Caulobacteraceae	0	0	0	0	0	0	0	0	0	0	0	0	0	0	0	1	0	0	0	0	0	0	0	1	0	0	0	0	0	0	0	0	0	0	5	0	0	1	0	0	0	0
Chitinophagaceae	0	0	0	0	0	0	0	0	0	0	0	0	0	0	0	0	0	0	0	0	0	0	0	0	0	0	0	0	0	0	0	0	0	0	0	0	0	0	0	0	1	0
Clostridiaceae 1	50	1158	1	123	452	1172	509	14	348	20	97	719	788	734	2182	4	5	350	879	506	38	231	22	20	645	14	1274	941	29	631	748	109	27	20	60	2000	184	1999	45	2	390	686
Clostridiaceae 2	0	0	0	0	0	0	0	0	1	0	0	0	0	0	0	0	0	0	0	0	0	0	0	0	0	0	0	0	0	0	0	0	0	0	0	0	0	1	0	0	0	0
Clostridiales_Incertae Sedis XI	2	0	0	0	0	0	0	0	0	0	0	0	0	0	0	0	0	0	0	0	0	0	0	0	0	0	0	0	0	0	0	0	0	0	2	0	0	2	0	0	0	0
Clostridiales_Incertae Sedis XIII	0	2	0	3	5	2	0	1	0	0	3	5	0	0	0	0	1	0	4	0	0	0	1	0	0	0	1	0	2	0	0	1	0	0	1	2	2	0	1	0	0	0
Comamonadaceae	1	0	0	1	0	0	0	0	0	0	0	0	3	0	0	1	0	0	0	0	0	0	0	0	3	0	0	0	0	0	0	0	0	0	1	0	0	0	0	0	0	3
Coriobacteriaceae	42	46	24	16	55	49	63	89	62	33	45	62	196	65	24	76	54	147	111	84	165	41	24	76	127	49	57	81	22	57	31	34	36	20	61	49	65	84	37	42	79	56
Corynebacteriaceae	0	3	0	0	0	0	0	1	2	0	2	0	2	0	0	0	0	1	0	6	2	0	0	0	0	0	3	2	0	0	3	0	0	0	1	4	0	0	0	0	1	12
Deferribacteraceae	79	34	57	449	4	16	236	83	4	7	18	16	5	86	19	41	11	5	39	14	21	32	64	10	3	198	19	69	4	8	18	15	239	4	8	3	12	6	16	130	10	35
Deinococcaceae	0	0	0	0	1	0	0	0	0	0	0	0	0	0	0	0	0	0	0	0	0	0	0	0	0	0	0	0	0	0	0	0	0	0	0	0	0	0	0	0	0	0
Dermacoccaceae	0	0	0	0	0	0	0	0	0	0	0	0	0	0	0	0	0	0	0	0	0	0	0	0	0	0	0	0	0	0	1	0	0	0	0	0	0	0	0	0	0	0
Desulfohalobiaceae	0	0	0	0	0	0	0	0	0	0	1	0	0	0	0	0	0	0	0	0	0	0	0	0	1	0	0	0	0	0	0	1	0	0	0	0	1	0	0	0	0	0
Desulfovibrionaceae	110	35	40	83	13	11	114	85	7	12	63	59	3	46	44	21	4	7	81	42	86	25	23	29	26	53	23	82	7	31	46	32	132	29	22	36	23	26	48	173	41	9
Enterobacteriaceae	95	6	1	131	37	267	1	14	59	1	16	77	32	6	5	3	10	23	6	23	18	75	2	98	6	7	48	9	112	3	3	2	0	16	80	65	19	4	139	0	728	36
Enterococcaceae	0	0	0	0	0	0	0	0	0	0	0	0	0	0	0	0	0	0	0	0	0	0	0	0	0	0	1	0	0	0	0	0	0	0	0	0	0	0	0	0	0	0
Erysipelotrichaceae	15	213	0	76	34	66	114	10	77	31	9	41	13	52	112	4	17	63	35	35	149	47	19	0	37	44	59	116	255	58	100	118	39	33	20	27	35	41	12	24	11	200
Eubacteriaceae	2	4	0	9	2	0	0	0	1	0	1	2	2	3	2	0	1	3	1	2	1	2	0	4	3	2	2	1	0	0	0	1	0	0	3	2	2	3	1	3	3	0
Gracilibacteraceae	0	0	0	0	0	0	0	0	0	0	0	1	0	1	0	0	0	0	0	0	0	0	2	0	0	0	0	0	0	0	1	0	0	0	4	0	0	0	0	2	0	0
Helicobacteraceae	0	0	2	0	0	0	0	0	0	0	0	0	0	0	0	0	0	0	0	0	0	0	0	0	0	0	0	0	0	1	0	0	0	0	0	0	0	0	0	0	0	0
Hyphomicrobiaceae	16	0	25	4	0	1	15	21	5	9	6	4	4	0	0	9	4	0	6	0	7	0	0	5	5	11	3	5	1	0	4	4	4	0	0	4	8	2	0	2	0	2
Lachnospiraceae	5292	3067	6943	6187	940	3510	5033	8911	2510	3640	8154	2336	1260	2864	1758	7263	1879	2343	2290	2722	3892	1931	1793	1970	2198	3816	2103	2995	1343	3109	2525	3273	7958	2039	1418	2504	1905	3115	3692	4384	2070	1885
Lactobacillaceae	494	1696	160	335	208	622	291	369	157	389	313	413	1003	150	771	300	177	582	959	1126	260	352	90	709	407	291	461	519	218	126	641	102	79	1175	391	236	563	445	230	174	710	594
Methylobacteriaceae	2	0	6	3	11	1	1	0	1	0	9	1	1	1	1	0	2	0	3	4	0	1	3	0	9	4	6	3	1	3	4	3	1	3	5	3	7	25	6	25	54	12
Microbacteriaceae	0	0	0	0	0	0	0	0	0	0	0	0	0	0	0	0	0	0	0	0	0	0	0	0	0	0	1	0	0	0	0	0	0	0	0	1	0	0	0	0	0	2
Micrococcaceae	0	0	4	0	0	1	0	21	10	0	1	0	2	0	7	0	0	0	3	3	0	1	0	4	5	0	1	10	0	1	0	1	0	5	6	7	3	3	2	0	6	1
Moraxellaceae	2	1	1	13	0	3	0	0	2	0	0	0	11	0	1	0	0	0	1	0	0	1	0	7	2	1	4	4	0	3	0	0	1	3	16	5	0	0	0	0	24	5
Neisseriaceae	0	0	2	0	0	0	0	0	0	0	0	0	0	0	0	0	0	0	0	0	0	0	0	0	1	0	1	0	0	1	0	0	0	0	0	0	0	0	0	0	0	2
Nocardiaceae	0	0	0	0	0	0	0	0	0	0	1	0	0	0	0	0	0	0	0	0	0	0	0	0	0	0	0	0	0	0	0	0	0	0	0	0	0	0	0	0	0	0
Oxalobacteraceae	0	0	0	0	0	0	0	0	0	0	0	0	0	0	0	0	1	0	0	0	0	0	0	0	1	0	1	0	0	0	0	0	3	0	8	0	0	2	0	1	0	0
Pasteurellaceae	0	0	0	0	0	0	0	0	0	0	0	0	0	0	0	0	0	0	0	0	0	1	0	0	0	0	0	0	0	0	0	0	0	0	0	0	1	0	0	0	0	0
Peptococcaceae 1	2	2	4	4	1	5	3	1	14	42	5	0	6	9	2	19	16	0	1	3	14	33	2	8	6	10	20	2	21	3	8	6	17	56	17	0	4	10	23	34	6	1
Peptostreptococcaceae	25	379	35	54	83	329	263	17	184	198	66	178	132	330	308	98	50	261	124	123	88	203	117	147	310	32	359	130	496	164	153	243	81	100	277	138	57	290	59	144	112	364
Phyllobacteriaceae	0	0	0	0	0	0	0	0	0	0	0	0	0	0	0	0	0	0	0	0	0	0	0	0	0	1	3	0	0	0	0	0	0	0	0	0	0	0	2	0	0	0
Porphyromonadaceae	3614	4005	2092	2519	5227	4564	2760	2600	3887	2470	2118	5894	5190	3438	3277	2656	2845	5115	5760	3638	4994	5741	5879	5938	4685	3278	3246	5045	6126	4341	2892	7204	3916	5584	3762	3263	2760	3730	4236	4161	6305	4895
Prevotellaceae	3199	2861	4551	2550	3566	4183	5779	1513	8472	9185	940	3072	3663	4424	1150	5814	12406	4350	988	3169	6466	5382	7840	4611	2377	7083	5189	3492	6090	2421	2214	3760	3770	5574	5133	4003	4967	2377	4862	6221	1606	2881
Propionibacteriaceae	0	0	0	0	0	0	0	0	0	0	4	0	1	0	0	2	0	0	0	0	0	0	0	0	2	3	3	0	0	0	0	0	0	1	3	0	0	3	0	0	1	4
Pseudomonadaceae	0	0	1	4	4	4	0	0	0	0	0	0	1	2	1	1	0	0	2	1	0	2	1	1	2	0	5	0	0	1	1	1	0	1	21	10	0	16	2	2	2	11
Rhizobiaceae	0	0	0	0	0	0	0	0	0	0	0	0	0	0	0	0	0	0	0	0	0	0	0	0	0	0	0	0	0	0	0	2	0	0	0	0	0	0	0	0	0	0
Rhodobacteraceae	0	0	0	0	0	0	0	0	0	0	0	0	0	0	0	0	1	1	0	0	0	0	0	0	0	0	0	0	0	0	0	0	0	0	10	0	4	0	0	0	6	0
Rhodocyclaceae	0	0	0	0	0	0	0	0	1	0	0	0	0	0	0	0	0	0	0	0	0	0	0	0	0	0	0	0	0	0	0	0	0	0	0	0	0	0	0	0	0	0
Rhodospirillaceae	6	1	2	7	11	0	0	0	6	0	4	3	3	4	8	4	3	0	4	2	0	0	19	0	2	0	0	0	1	3	0	4	2	0	0	0	0	0	0	0	16	3
Rikenellaceae	678	1348	152	395	1248	580	638	665	671	124	393	978	809	754	1010	84	260	814	637	767	204	415	224	1066	887	92	938	541	474	281	1148	645	263	1459	668	953	369	766	636	152	688	891
Ruminococcaceae	7665	3723	6855	6737	5819	4786	7461	7868	4982	4439	7118	4147	3053	4158	4078	5075	6104	5220	4135	4920	6834	3209	6142	4274	5872	5957	4431	4229	2453	3108	3708	4691	8074	3846	5365	5442	4523	4216	5515	7913	6054	3913
Sphingobacteriaceae	0	0	0	0	0	0	0	0	0	0	0	0	0	0	0	0	0	1	0	0	0	0	0	0	0	0	0	0	0	0	0	0	1	0	2	0	0	0	0	0	0	0
Sphingomonadaceae	0	1	0	2	0	0	0	0	0	0	2	0	0	1	0	0	2	0	5	0	0	2	1	0	1	0	0	0	1	0	0	0	0	1	14	5	12	12	16	6	9	13
Staphylococcaceae	0	0	0	1	0	0	0	0	0	0	0	0	0	0	0	0	0	0	0	0	0	0	1	3	0	1	0	0	0	1	0	0	0	0	1	0	1	0	0	8	0	12
Streptococcaceae	3	0	6	1	0	2	0	0	2	0	4	1	0	0	5	3	1	0	2	0	0	1	1	0	1	1	3	1	6	2	0	0	0	2	4	2	0	3	2	0	2	14
Sutterellaceae	45	378	15	100	520	29	95	88	313	122	101	495	2492	290	293	145	296	501	900	146	44	578	432	603	971	220	411	792	375	891	48	514	58	120	551	533	969	994	211	75	990	598
Veillonellaceae	1	0	0	0	0	0	0	0	0	0	0	0	0	0	0	0	0	0	0	1	0	0	0	0	0	0	0	0	0	0	1	0	0	0	0	0	0	0	0	0	0	0
Verrucomicrobiaceae	5	2	0	1	0	6	0	0	0	0	0	0	6	0	0	1	3	0	0	0	0	6	0	0	4	0	7	0	0	7	4	0	0	1	5	1	0	0	0	0	0	1
Victivallaceae	7	19	0	3	7	3	0	0	4	0	9	8	0	1	4	1	0	1	8	11	0	0	1	0	10	0	24	18	1	1	6	0	0	2	2	3	0	3	6	2	4	0
Xanthomonadaceae	4	0	0	0	0	8	0	3	24	0	0	0	1	0	1	0	0	0	0	2	0	0	0	5	0	0	4	9	0	2	0	0	0	1	0	11	0	0	0	0	0	0
